
#################################################################
# Summary Statistics
#################################################################

DIC = 91.65393

                    Mean    SD  2.5%    5%   25%   50%   75%   95% 97.5%
p.dry19.Floc       0.361 0.176 0.028 0.056 0.228 0.370 0.494 0.633 0.678
p.wet19.Floc       0.133 0.093 0.007 0.012 0.058 0.118 0.191 0.308 0.352
p.dry19.Periphyton 0.592 0.164 0.297 0.336 0.469 0.584 0.711 0.878 0.914
p.wet19.Periphyton 0.848 0.093 0.634 0.673 0.788 0.860 0.921 0.975 0.982
p.dry19.Plant      0.047 0.051 0.001 0.002 0.011 0.030 0.065 0.149 0.184
p.wet19.Plant      0.019 0.023 0.000 0.001 0.004 0.011 0.025 0.067 0.084
