
################################################################################
# Gelman-Rubin Diagnostic
################################################################################

Generally the Gelman diagnostic should be < 1.05


Out of 87 variables: 2 > 1.01

                      
0 > 1.05

                      
0 > 1.1


The worst variables are:

               Point est. Upper C.I.
ilr.fac2[5,1]    1.011766   1.015835
loglik[8]        1.010062   1.013018
ilr.fac2[7,2]    1.009508   1.010598
ilr.fac2[6,3]    1.009196   1.015006
ilr.fac2[4,1]    1.008675   1.012555
deviance         1.008306   1.009705
ilr.fac2[10,1]   1.008260   1.008425
ilr.fac2[5,2]    1.008058   1.012954
ilr.fac2[11,3]   1.007831   1.008996
p.fac1[1,3]      1.007598   1.017808


And here are the Gelman diagnostics for all variables:

               Point est. Upper C.I.
deviance        1.0083055   1.009705
fac2.sig        1.0046942   1.013369
ilr.fac1[1,1]         NaN        NaN
ilr.fac1[1,2]         NaN        NaN
ilr.fac1[1,3]         NaN        NaN
ilr.fac1[2,1]   1.0017212   1.005608
ilr.fac1[2,2]   0.9997116   1.000010
ilr.fac1[2,3]   1.0016070   1.006572
ilr.fac2[1,1]   1.0050226   1.007165
ilr.fac2[1,2]   1.0004472   1.000720
ilr.fac2[1,3]   1.0021914   1.004816
ilr.fac2[10,1]  1.0082604   1.008425
ilr.fac2[10,2]  1.0021223   1.006103
ilr.fac2[10,3]  0.9999590   1.000651
ilr.fac2[11,1]  1.0027334   1.009203
ilr.fac2[11,2]  1.0034274   1.004511
ilr.fac2[11,3]  1.0078314   1.008996
ilr.fac2[12,1]  1.0006833   1.002759
ilr.fac2[12,2]  1.0005398   1.000989
ilr.fac2[12,3]  1.0012539   1.003138
ilr.fac2[13,1]  1.0052080   1.006518
ilr.fac2[13,2]  1.0040970   1.009026
ilr.fac2[13,3]  1.0012205   1.002499
ilr.fac2[14,1]  1.0005231   1.003002
ilr.fac2[14,2]  1.0048663   1.006103
ilr.fac2[14,3]  1.0063771   1.008665
ilr.fac2[15,1]  1.0017195   1.004483
ilr.fac2[15,2]  1.0010231   1.002899
ilr.fac2[15,3]  1.0048454   1.009654
ilr.fac2[2,1]   1.0056917   1.011495
ilr.fac2[2,2]   1.0022916   1.003587
ilr.fac2[2,3]   1.0026499   1.003646
ilr.fac2[3,1]   1.0004883   1.001239
ilr.fac2[3,2]   1.0017643   1.002207
ilr.fac2[3,3]   1.0038328   1.006911
ilr.fac2[4,1]   1.0086754   1.012555
ilr.fac2[4,2]   1.0058772   1.008363
ilr.fac2[4,3]   1.0043466   1.005785
ilr.fac2[5,1]   1.0117659   1.015835
ilr.fac2[5,2]   1.0080585   1.012954
ilr.fac2[5,3]   1.0034243   1.003440
ilr.fac2[6,1]   1.0045139   1.007419
ilr.fac2[6,2]   1.0009452   1.003393
ilr.fac2[6,3]   1.0091962   1.015006
ilr.fac2[7,1]   1.0011526   1.001498
ilr.fac2[7,2]   1.0095075   1.010598
ilr.fac2[7,3]   1.0074570   1.010481
ilr.fac2[8,1]   1.0039357   1.008723
ilr.fac2[8,2]   1.0031840   1.004797
ilr.fac2[8,3]   1.0040875   1.004960
ilr.fac2[9,1]   1.0024803   1.004512
ilr.fac2[9,2]   1.0071126   1.009243
ilr.fac2[9,3]   1.0049096   1.006210
ilr.global[1]   1.0028926   1.003744
ilr.global[2]   1.0057043   1.018450
ilr.global[3]   1.0010300   1.004283
loglik[1]       1.0042771   1.005766
loglik[10]      1.0030871   1.003087
loglik[11]      1.0012523   1.005153
loglik[12]      1.0014268   1.003119
loglik[13]      1.0016068   1.003633
loglik[14]      1.0009059   1.003428
loglik[15]      1.0032726   1.007094
loglik[16]      1.0018284   1.001861
loglik[17]      1.0023243   1.003024
loglik[2]       1.0027080   1.004235
loglik[3]       1.0032175   1.005350
loglik[4]       1.0042092   1.006844
loglik[5]       1.0041025   1.005849
loglik[6]       1.0029018   1.007620
loglik[7]       1.0019986   1.004949
loglik[8]       1.0100622   1.013018
loglik[9]       0.9999191   1.000820
p.fac1[1,1]     1.0005081   1.002360
p.fac1[1,2]     1.0022693   1.003577
p.fac1[1,3]     1.0075977   1.017808
p.fac1[1,4]     1.0004764   1.002611
p.fac1[2,1]     0.9998254   1.000213
p.fac1[2,2]     1.0008873   1.002143
p.fac1[2,3]     1.0033108   1.006354
p.fac1[2,4]     0.9997993   1.000280
p.global[1]     1.0005081   1.002360
p.global[2]     1.0022693   1.003577
p.global[3]     1.0075977   1.017808
p.global[4]     1.0004764   1.002611
resid.prop[1]   1.0001150   1.001004
resid.prop[2]   1.0061806   1.015997

################################################################################
# Geweke Diagnostic
################################################################################

The Geweke diagnostic is a standard z-score, so we'd expect 5% to be outside +/-1.96
Number of variables outside +/-1.96 in each chain (out of 
87
):


       Chain 1 Chain 2 Chain 3
Geweke       4       1       3


And here are the Geweke diagnostics for all variables:

               chain1 chain2 chain3
deviance        1.424  0.748 -0.913
fac2.sig       -0.591  0.997  0.512
ilr.fac1[2,1]  -1.026  0.278 -0.712
ilr.fac1[2,2]  -1.281 -1.087 -0.177
ilr.fac1[2,3]  -0.095 -0.113  1.881
ilr.fac2[1,1]   1.484  0.021 -0.433
ilr.fac2[1,2]   0.687 -0.569  0.754
ilr.fac2[1,3]   0.706 -1.179  0.442
ilr.fac2[10,1]  1.744 -0.407  1.264
ilr.fac2[10,2]  0.604 -0.050  0.024
ilr.fac2[10,3] -0.116  0.099 -0.093
ilr.fac2[11,1] -1.048 -0.306 -0.641
ilr.fac2[11,2] -0.171  1.333  0.354
ilr.fac2[11,3]  0.418  0.788 -0.987
ilr.fac2[12,1]  0.134 -1.089 -0.669
ilr.fac2[12,2]  1.445  0.208  0.294
ilr.fac2[12,3] -0.031 -1.177  0.616
ilr.fac2[13,1] -1.662 -0.119 -0.597
ilr.fac2[13,2] -0.914 -0.483  0.089
ilr.fac2[13,3] -1.366  0.123 -1.990
ilr.fac2[14,1] -1.081 -0.514 -1.696
ilr.fac2[14,2]  0.210 -0.619  0.231
ilr.fac2[14,3] -0.260  1.159 -0.023
ilr.fac2[15,1] -0.482 -0.311  0.076
ilr.fac2[15,2]  0.781  1.576  0.733
ilr.fac2[15,3]  0.794 -1.586  0.968
ilr.fac2[2,1]   0.404 -0.485  0.430
ilr.fac2[2,2]  -0.797  1.102 -1.189
ilr.fac2[2,3]  -1.131 -0.432 -0.883
ilr.fac2[3,1]   0.927  0.613  1.456
ilr.fac2[3,2]   0.253 -0.377  0.097
ilr.fac2[3,3]  -0.369 -1.067  0.196
ilr.fac2[4,1]  -0.596  0.428  1.661
ilr.fac2[4,2]  -0.124  1.774  0.812
ilr.fac2[4,3]  -0.581 -0.804  0.808
ilr.fac2[5,1]  -1.969 -0.474  1.146
ilr.fac2[5,2]   0.569 -0.813  0.541
ilr.fac2[5,3]   0.846 -0.647  2.269
ilr.fac2[6,1]   1.437  0.241  1.371
ilr.fac2[6,2]   0.153 -0.416  0.026
ilr.fac2[6,3]   0.168 -0.999 -1.599
ilr.fac2[7,1]   1.450 -0.637 -0.534
ilr.fac2[7,2]  -2.288  0.427 -0.606
ilr.fac2[7,3]   0.260 -0.015 -0.897
ilr.fac2[8,1]  -1.091  0.511 -1.170
ilr.fac2[8,2]   0.298  0.764  0.580
ilr.fac2[8,3]   1.085 -1.093  0.025
ilr.fac2[9,1]  -0.322 -0.160 -0.230
ilr.fac2[9,2]  -0.732 -1.437  1.100
ilr.fac2[9,3]   1.437 -1.218  1.303
ilr.global[1]  -1.275 -0.732  1.150
ilr.global[2]   0.800 -0.516  0.155
ilr.global[3]  -0.270 -0.775 -0.138
loglik[1]       0.148 -1.560  2.159
loglik[10]     -1.928 -1.046 -0.185
loglik[11]     -0.561 -1.888  0.729
loglik[12]     -1.333 -1.864  0.881
loglik[13]     -0.221  0.782 -0.409
loglik[14]     -0.574  0.787 -0.233
loglik[15]     -0.028  0.880  0.521
loglik[16]      1.963  1.408  1.043
loglik[17]     -0.988 -1.017  0.917
loglik[2]      -1.610 -0.402  0.091
loglik[3]      -1.148  0.031  0.621
loglik[4]      -2.671 -1.154 -0.215
loglik[5]       1.069 -1.412  1.354
loglik[6]      -1.211  0.406 -0.589
loglik[7]      -1.199 -2.323  0.073
loglik[8]      -1.912  0.657  0.376
loglik[9]       0.128  1.772  1.010
p.fac1[1,1]    -0.099 -1.211  0.037
p.fac1[1,2]     0.077  0.315 -0.196
p.fac1[1,3]     0.067  0.250 -0.213
p.fac1[1,4]     0.070  1.055  0.001
p.fac1[2,1]    -0.280 -1.033  0.323
p.fac1[2,2]     0.055 -0.463  0.304
p.fac1[2,3]     0.333  1.010  0.668
p.fac1[2,4]     0.227  0.904 -0.364
p.global[1]    -0.099 -1.211  0.037
p.global[2]     0.077  0.315 -0.196
p.global[3]     0.067  0.250 -0.213
p.global[4]     0.070  1.055  0.001
resid.prop[1]   0.532 -0.380 -0.918
resid.prop[2]   1.420  1.203  0.260
