
################################################################################
# Gelman-Rubin Diagnostic
################################################################################

Generally the Gelman diagnostic should be < 1.05


Out of 90 variables: 0 > 1.01

                      
0 > 1.05

                      
0 > 1.1


The worst variables are:

               Point est. Upper C.I.
loglik[18]       1.006327   1.010877
ilr.fac2[12,2]   1.003996   1.005137
ilr.fac2[3,1]    1.003369   1.007235
ilr.fac2[13,1]   1.003231   1.008689
ilr.fac2[3,2]    1.003154   1.006434
resid.prop[1]    1.003112   1.007695
ilr.fac2[11,3]   1.002399   1.003003
loglik[8]        1.002379   1.007840
ilr.fac2[10,2]   1.002004   1.002956
ilr.fac2[1,3]    1.001863   1.003456


And here are the Gelman diagnostics for all variables:

               Point est. Upper C.I.
deviance        1.0003507  1.0026272
fac2.sig        1.0000980  1.0015228
ilr.fac1[1,1]         NaN        NaN
ilr.fac1[1,2]         NaN        NaN
ilr.fac1[1,3]         NaN        NaN
ilr.fac1[2,1]   1.0004202  1.0007269
ilr.fac1[2,2]   1.0005801  1.0010640
ilr.fac1[2,3]   1.0008852  1.0032317
ilr.fac2[1,1]   1.0013260  1.0044709
ilr.fac2[1,2]   0.9999197  1.0001162
ilr.fac2[1,3]   1.0018628  1.0034563
ilr.fac2[10,1]  0.9999797  1.0000656
ilr.fac2[10,2]  1.0020045  1.0029561
ilr.fac2[10,3]  1.0003008  1.0015108
ilr.fac2[11,1]  0.9998356  1.0000873
ilr.fac2[11,2]  1.0005147  1.0025822
ilr.fac2[11,3]  1.0023994  1.0030030
ilr.fac2[12,1]  1.0017462  1.0046688
ilr.fac2[12,2]  1.0039955  1.0051370
ilr.fac2[12,3]  1.0003253  1.0009810
ilr.fac2[13,1]  1.0032311  1.0086891
ilr.fac2[13,2]  0.9997591  1.0004428
ilr.fac2[13,3]  1.0011641  1.0023078
ilr.fac2[14,1]  1.0008339  1.0013633
ilr.fac2[14,2]  1.0013221  1.0016671
ilr.fac2[14,3]  1.0000419  1.0014632
ilr.fac2[15,1]  1.0015200  1.0017428
ilr.fac2[15,2]  1.0008404  1.0038840
ilr.fac2[15,3]  1.0018000  1.0077003
ilr.fac2[2,1]   1.0003888  1.0017695
ilr.fac2[2,2]   1.0003059  1.0022891
ilr.fac2[2,3]   1.0018445  1.0063705
ilr.fac2[3,1]   1.0033686  1.0072354
ilr.fac2[3,2]   1.0031543  1.0064336
ilr.fac2[3,3]   1.0003453  1.0020918
ilr.fac2[4,1]   1.0003801  1.0009141
ilr.fac2[4,2]   1.0016266  1.0053251
ilr.fac2[4,3]   1.0005851  1.0014809
ilr.fac2[5,1]   1.0005248  1.0011728
ilr.fac2[5,2]   1.0002403  1.0004569
ilr.fac2[5,3]   1.0003572  1.0019054
ilr.fac2[6,1]   1.0011429  1.0044230
ilr.fac2[6,2]   1.0005771  1.0020934
ilr.fac2[6,3]   1.0016176  1.0055011
ilr.fac2[7,1]   1.0003684  1.0012034
ilr.fac2[7,2]   1.0009783  1.0047956
ilr.fac2[7,3]   1.0017225  1.0053199
ilr.fac2[8,1]   1.0008853  1.0016337
ilr.fac2[8,2]   1.0004370  1.0005902
ilr.fac2[8,3]   1.0007443  1.0017822
ilr.fac2[9,1]   1.0011755  1.0020698
ilr.fac2[9,2]   1.0006242  1.0025876
ilr.fac2[9,3]   1.0006198  1.0011489
ilr.global[1]   0.9998608  1.0004631
ilr.global[2]   0.9998336  0.9999697
ilr.global[3]   0.9996517  1.0000387
loglik[1]       0.9999679  1.0005371
loglik[10]      1.0000018  1.0011753
loglik[11]      0.9997966  0.9999290
loglik[12]      0.9997459  1.0001795
loglik[13]      1.0006515  1.0031118
loglik[14]      1.0000640  1.0001398
loglik[15]      1.0004290  1.0021106
loglik[16]      1.0001409  1.0004889
loglik[17]      1.0010754  1.0046771
loglik[18]      1.0063269  1.0108768
loglik[19]      1.0000160  1.0012310
loglik[2]       1.0003094  1.0019716
loglik[20]      1.0003036  1.0020304
loglik[3]       0.9996548  0.9999652
loglik[4]       1.0005660  1.0027321
loglik[5]       1.0006261  1.0019030
loglik[6]       1.0006013  1.0034557
loglik[7]       1.0006849  1.0022043
loglik[8]       1.0023791  1.0078399
loglik[9]       1.0002763  1.0017387
p.fac1[1,1]     0.9996225  0.9998120
p.fac1[1,2]     0.9998328  1.0003091
p.fac1[1,3]     0.9997035  1.0001519
p.fac1[1,4]     1.0011744  1.0017806
p.fac1[2,1]     0.9997590  1.0002784
p.fac1[2,2]     0.9996291  0.9999139
p.fac1[2,3]     1.0000680  1.0013341
p.fac1[2,4]     1.0012123  1.0034208
p.global[1]     0.9996225  0.9998120
p.global[2]     0.9998328  1.0003091
p.global[3]     0.9997035  1.0001519
p.global[4]     1.0011744  1.0017806
resid.prop[1]   1.0031121  1.0076952
resid.prop[2]   1.0004323  1.0007708

################################################################################
# Geweke Diagnostic
################################################################################

The Geweke diagnostic is a standard z-score, so we'd expect 5% to be outside +/-1.96
Number of variables outside +/-1.96 in each chain (out of 
90
):


       Chain 1 Chain 2 Chain 3
Geweke       1       3       0


And here are the Geweke diagnostics for all variables:

               chain1 chain2 chain3
deviance        0.222  0.189 -0.173
fac2.sig       -0.170 -0.201  0.353
ilr.fac1[2,1]   0.148 -0.894 -0.106
ilr.fac1[2,2]   0.290 -0.525  1.027
ilr.fac1[2,3]   0.202 -1.716  1.431
ilr.fac2[1,1]  -0.392 -0.042  0.306
ilr.fac2[1,2]  -0.357  0.623  0.834
ilr.fac2[1,3]   0.992 -0.394 -0.210
ilr.fac2[10,1] -0.554 -1.613  0.846
ilr.fac2[10,2]  1.073 -0.649  0.109
ilr.fac2[10,3] -0.529 -1.489 -0.946
ilr.fac2[11,1] -1.910  0.182 -0.447
ilr.fac2[11,2]  0.559  0.610 -1.097
ilr.fac2[11,3] -1.819 -0.125 -0.718
ilr.fac2[12,1] -1.010  0.673  0.630
ilr.fac2[12,2]  0.352 -0.876  0.061
ilr.fac2[12,3] -1.212 -1.230 -0.395
ilr.fac2[13,1]  0.132  1.067 -0.205
ilr.fac2[13,2] -0.700  1.286  1.372
ilr.fac2[13,3]  0.786 -2.816  0.025
ilr.fac2[14,1]  0.249  0.747 -0.628
ilr.fac2[14,2] -1.252 -0.297  0.685
ilr.fac2[14,3]  0.067  1.575 -0.672
ilr.fac2[15,1]  1.052 -0.824 -0.112
ilr.fac2[15,2] -0.382 -1.400 -1.794
ilr.fac2[15,3]  1.936 -0.517 -0.030
ilr.fac2[2,1]   2.126  1.556  1.101
ilr.fac2[2,2]   1.695  0.731 -0.348
ilr.fac2[2,3]   0.833 -0.724 -0.800
ilr.fac2[3,1]   1.000  0.516 -0.524
ilr.fac2[3,2]  -1.118  0.581 -1.013
ilr.fac2[3,3]   0.233  0.015  0.713
ilr.fac2[4,1]   0.617  1.773  0.208
ilr.fac2[4,2]  -0.399  0.500 -0.581
ilr.fac2[4,3]  -0.252 -1.597  0.206
ilr.fac2[5,1]  -0.812  0.321 -0.316
ilr.fac2[5,2]  -0.757 -0.903 -1.646
ilr.fac2[5,3]   0.763 -0.980  0.710
ilr.fac2[6,1]  -0.496 -1.787 -1.003
ilr.fac2[6,2]  -0.786 -0.346 -0.869
ilr.fac2[6,3]   0.813  1.451 -1.001
ilr.fac2[7,1]  -0.629 -1.348 -0.768
ilr.fac2[7,2]   1.353 -1.066 -0.833
ilr.fac2[7,3]   0.266 -0.370  1.022
ilr.fac2[8,1]   0.232  1.355  0.972
ilr.fac2[8,2]   0.320 -0.005 -0.138
ilr.fac2[8,3]   1.022 -2.300  0.242
ilr.fac2[9,1]  -0.620 -0.704  0.055
ilr.fac2[9,2]   0.864  0.743 -0.255
ilr.fac2[9,3]  -0.739 -0.724  1.160
ilr.global[1]  -1.182  0.691 -0.368
ilr.global[2]  -1.769 -0.267  0.550
ilr.global[3]   0.629  0.880 -0.384
loglik[1]      -0.586 -1.422 -0.330
loglik[10]     -0.536 -0.720 -0.650
loglik[11]     -1.181 -1.360 -0.252
loglik[12]     -0.937  0.186 -1.404
loglik[13]     -0.033 -0.002  0.296
loglik[14]      0.680 -0.083  1.039
loglik[15]      0.703 -0.940  1.424
loglik[16]      1.132  0.088  0.531
loglik[17]      0.714  0.434 -0.504
loglik[18]      0.498 -0.298  1.795
loglik[19]      0.049 -0.675  0.876
loglik[2]      -0.710 -0.185 -0.488
loglik[20]      0.567 -0.246  0.140
loglik[3]       1.407 -0.549  0.845
loglik[4]      -0.234  0.777 -0.573
loglik[5]      -0.118  3.021  0.387
loglik[6]       0.357 -1.381 -0.374
loglik[7]      -0.997  0.800  0.574
loglik[8]      -0.051  0.884 -0.420
loglik[9]      -0.216  0.366 -0.978
p.fac1[1,1]    -1.738  0.203  0.164
p.fac1[1,2]    -0.043 -0.632  1.495
p.fac1[1,3]     1.559  0.494 -0.939
p.fac1[1,4]    -1.238 -1.486  0.732
p.fac1[2,1]    -0.701 -0.691  0.840
p.fac1[2,2]     0.153 -0.448  0.677
p.fac1[2,3]     0.464  1.375 -1.764
p.fac1[2,4]     0.415  0.819 -1.540
p.global[1]    -1.738  0.203  0.164
p.global[2]    -0.043 -0.632  1.495
p.global[3]     1.559  0.494 -0.939
p.global[4]    -1.238 -1.486  0.732
resid.prop[1]   0.349 -0.387  1.130
resid.prop[2]  -1.124  1.937 -0.501
