
################################################################################
# Gelman-Rubin Diagnostic
################################################################################

Generally the Gelman diagnostic should be < 1.05


Out of 98 variables: 0 > 1.01

                      
0 > 1.05

                      
0 > 1.1


The worst variables are:

               Point est. Upper C.I.
ilr.global[1]    1.007437   1.017234
p.global[4]      1.003210   1.006602
loglik[22]       1.003201   1.007667
loglik[19]       1.003136   1.009198
loglik[20]       1.002918   1.002921
ilr.fac1[12,3]   1.002508   1.005899
ilr.fac1[15,2]   1.002499   1.006677
loglik[21]       1.002254   1.004657
loglik[9]        1.001976   1.007234
ilr.fac1[17,3]   1.001832   1.006744


And here are the Gelman diagnostics for all variables:

               Point est. Upper C.I.
deviance        1.0010116  1.0031892
ilr.fac1[1,1]         NaN        NaN
ilr.fac1[1,2]         NaN        NaN
ilr.fac1[1,3]         NaN        NaN
ilr.fac1[10,1]  1.0003651  1.0015907
ilr.fac1[10,2]  1.0014614  1.0058355
ilr.fac1[10,3]  1.0003477  1.0016346
ilr.fac1[11,1]  1.0001960  1.0012808
ilr.fac1[11,2]  1.0014958  1.0019679
ilr.fac1[11,3]  1.0013631  1.0057894
ilr.fac1[12,1]  1.0014749  1.0064458
ilr.fac1[12,2]  1.0004314  1.0017034
ilr.fac1[12,3]  1.0025078  1.0058989
ilr.fac1[13,1]  1.0005537  1.0018114
ilr.fac1[13,2]  1.0007131  1.0032832
ilr.fac1[13,3]  0.9998144  1.0003653
ilr.fac1[14,1]  1.0003331  1.0016789
ilr.fac1[14,2]  1.0002758  1.0012635
ilr.fac1[14,3]  0.9999527  1.0000361
ilr.fac1[15,1]  1.0001648  1.0015693
ilr.fac1[15,2]  1.0024989  1.0066770
ilr.fac1[15,3]  1.0005221  1.0030384
ilr.fac1[16,1]  1.0008939  1.0040783
ilr.fac1[16,2]  1.0000390  1.0014571
ilr.fac1[16,3]  1.0010020  1.0044813
ilr.fac1[17,1]  0.9997055  0.9999525
ilr.fac1[17,2]  1.0004204  1.0024934
ilr.fac1[17,3]  1.0018322  1.0067442
ilr.fac1[18,1]  1.0006888  1.0021270
ilr.fac1[18,2]  1.0007320  1.0022026
ilr.fac1[18,3]  1.0001130  1.0014741
ilr.fac1[19,1]  1.0002695  1.0013378
ilr.fac1[19,2]  1.0002706  1.0008402
ilr.fac1[19,3]  1.0000757  1.0014930
ilr.fac1[2,1]   0.9999069  1.0002612
ilr.fac1[2,2]   1.0005365  1.0026590
ilr.fac1[2,3]   1.0009600  1.0020786
ilr.fac1[20,1]  1.0004343  1.0024964
ilr.fac1[20,2]  1.0004410  1.0016955
ilr.fac1[20,3]  1.0004954  1.0015669
ilr.fac1[3,1]   0.9997969  0.9999127
ilr.fac1[3,2]   1.0016528  1.0050106
ilr.fac1[3,3]   1.0011691  1.0055914
ilr.fac1[4,1]   1.0007977  1.0035701
ilr.fac1[4,2]   0.9997382  1.0002963
ilr.fac1[4,3]   1.0002083  1.0020376
ilr.fac1[5,1]   1.0003017  1.0020734
ilr.fac1[5,2]   1.0008031  1.0014163
ilr.fac1[5,3]   0.9996410  0.9998167
ilr.fac1[6,1]   1.0010801  1.0010969
ilr.fac1[6,2]   0.9998718  1.0005845
ilr.fac1[6,3]   0.9996331  0.9999804
ilr.fac1[7,1]   1.0004235  1.0019821
ilr.fac1[7,2]   0.9997439  1.0000022
ilr.fac1[7,3]   1.0005494  1.0029556
ilr.fac1[8,1]   0.9998555  1.0006630
ilr.fac1[8,2]   1.0006344  1.0020115
ilr.fac1[8,3]   1.0003845  1.0024826
ilr.fac1[9,1]   0.9996502  0.9998743
ilr.fac1[9,2]   0.9998566  1.0001030
ilr.fac1[9,3]   1.0002419  1.0011937
ilr.fac2[1,1]         NaN        NaN
ilr.fac2[1,2]         NaN        NaN
ilr.fac2[1,3]         NaN        NaN
ilr.fac2[2,1]   1.0011611  1.0035438
ilr.fac2[2,2]   0.9995663  0.9996555
ilr.fac2[2,3]   1.0003015  1.0013899
ilr.global[1]   1.0074366  1.0172337
ilr.global[2]   1.0000582  1.0003016
ilr.global[3]   1.0016373  1.0021909
loglik[1]       0.9999428  0.9999588
loglik[10]      1.0003645  1.0015805
loglik[11]      0.9997859  1.0001560
loglik[12]      1.0004941  1.0011001
loglik[13]      1.0006275  1.0032534
loglik[14]      1.0016470  1.0048949
loglik[15]      1.0000906  1.0010467
loglik[16]      1.0001141  1.0008586
loglik[17]      0.9999080  1.0000587
loglik[18]      1.0005044  1.0020314
loglik[19]      1.0031364  1.0091983
loglik[2]       0.9998563  1.0007601
loglik[20]      1.0029178  1.0029213
loglik[21]      1.0022540  1.0046567
loglik[22]      1.0032013  1.0076667
loglik[23]      1.0016904  1.0027445
loglik[24]      1.0004137  1.0023725
loglik[3]       0.9998776  1.0003151
loglik[4]       1.0007444  1.0009189
loglik[5]       1.0004175  1.0010183
loglik[6]       0.9999859  1.0011169
loglik[7]       1.0004116  1.0014518
loglik[8]       1.0000396  1.0006934
loglik[9]       1.0019760  1.0072339
p.global[1]     1.0002449  1.0016715
p.global[2]     1.0015734  1.0061602
p.global[3]     1.0000457  1.0006577
p.global[4]     1.0032101  1.0066016

################################################################################
# Geweke Diagnostic
################################################################################

The Geweke diagnostic is a standard z-score, so we'd expect 5% to be outside +/-1.96
Number of variables outside +/-1.96 in each chain (out of 
98
):


       Chain 1 Chain 2 Chain 3
Geweke       1       6       2


And here are the Geweke diagnostics for all variables:

               chain1 chain2 chain3
deviance       -0.437  0.538  0.428
ilr.fac1[10,1] -0.865  0.107  0.015
ilr.fac1[10,2]  2.221  2.252 -0.901
ilr.fac1[10,3] -0.949  0.127  0.773
ilr.fac1[11,1] -1.424 -1.113 -0.435
ilr.fac1[11,2] -0.780  0.036  1.176
ilr.fac1[11,3] -0.019 -1.369 -0.261
ilr.fac1[12,1]  0.883 -0.222  1.099
ilr.fac1[12,2] -0.223  0.944  0.282
ilr.fac1[12,3] -0.350 -0.555 -0.759
ilr.fac1[13,1]  0.403 -1.305  0.824
ilr.fac1[13,2] -0.871 -0.590  0.430
ilr.fac1[13,3]  0.293  1.786 -0.315
ilr.fac1[14,1] -0.255 -0.374 -1.398
ilr.fac1[14,2]  0.294 -0.849  0.222
ilr.fac1[14,3] -1.176  1.255  1.042
ilr.fac1[15,1] -1.235 -0.147 -0.314
ilr.fac1[15,2] -0.682  0.256 -0.516
ilr.fac1[15,3]  0.745 -1.004  0.188
ilr.fac1[16,1]  0.894  0.530 -1.080
ilr.fac1[16,2] -0.316  0.181  1.928
ilr.fac1[16,3] -1.099 -1.814  1.027
ilr.fac1[17,1] -0.727  1.785 -1.536
ilr.fac1[17,2] -0.095 -0.692  0.557
ilr.fac1[17,3]  0.185  1.502  0.199
ilr.fac1[18,1]  0.253  0.825  0.312
ilr.fac1[18,2] -0.043 -0.735  0.214
ilr.fac1[18,3] -0.749  0.958 -0.227
ilr.fac1[19,1] -1.063  0.479 -0.726
ilr.fac1[19,2]  0.506  2.123 -0.903
ilr.fac1[19,3]  0.972 -0.126  0.795
ilr.fac1[2,1]   0.259 -0.603 -1.140
ilr.fac1[2,2]  -0.304  0.525 -0.147
ilr.fac1[2,3]   1.097  0.725  2.091
ilr.fac1[20,1] -1.450  0.375  0.703
ilr.fac1[20,2]  1.217 -1.066 -0.151
ilr.fac1[20,3] -0.785  0.542 -1.585
ilr.fac1[3,1]  -0.070 -0.009  0.516
ilr.fac1[3,2]   0.393  1.504  0.751
ilr.fac1[3,3]   0.593 -0.913 -0.455
ilr.fac1[4,1]   1.076 -0.046 -2.035
ilr.fac1[4,2]  -0.536 -2.125  0.949
ilr.fac1[4,3]   0.629 -1.335  1.030
ilr.fac1[5,1]  -1.015 -0.716 -1.055
ilr.fac1[5,2]   1.462  0.880 -0.341
ilr.fac1[5,3]  -1.616  0.523  0.402
ilr.fac1[6,1]  -1.646  0.460 -1.473
ilr.fac1[6,2]   0.612 -1.274  1.051
ilr.fac1[6,3]   0.603 -0.667  0.538
ilr.fac1[7,1]   0.757 -0.172  0.481
ilr.fac1[7,2]   0.789  0.840 -0.009
ilr.fac1[7,3]  -0.421  0.905  0.762
ilr.fac1[8,1]  -0.637 -0.648 -0.606
ilr.fac1[8,2]   0.266 -0.234 -0.312
ilr.fac1[8,3]   0.494  1.132 -0.294
ilr.fac1[9,1]  -1.028  0.467  0.424
ilr.fac1[9,2]   0.099  0.252  1.488
ilr.fac1[9,3]  -0.515 -0.257  0.359
ilr.fac2[2,1]  -0.257 -0.684 -1.207
ilr.fac2[2,2]   0.144  0.268  0.584
ilr.fac2[2,3]  -0.694 -0.127  0.291
ilr.global[1]   0.374 -1.144  1.777
ilr.global[2]  -0.727 -1.038 -0.956
ilr.global[3]  -0.165  0.980 -0.785
loglik[1]       0.516  2.428 -0.114
loglik[10]     -0.034  0.628  1.344
loglik[11]      1.314 -0.159 -0.250
loglik[12]     -0.772 -0.454 -0.823
loglik[13]      0.666 -1.557 -0.083
loglik[14]     -0.343  0.956 -0.014
loglik[15]     -0.433  0.594  0.219
loglik[16]      0.760 -1.036  0.587
loglik[17]      0.944  0.121 -0.596
loglik[18]     -0.746 -0.583 -0.403
loglik[19]     -0.728 -1.174  0.006
loglik[2]      -0.213  2.095  0.274
loglik[20]      0.013 -0.192  0.018
loglik[21]     -0.210 -0.139 -0.974
loglik[22]      0.391  3.092 -1.645
loglik[23]     -0.204 -0.280 -0.458
loglik[24]     -0.310  1.087  0.852
loglik[3]      -1.412  0.197  0.119
loglik[4]       0.418 -1.340 -0.039
loglik[5]       0.922 -1.890 -0.058
loglik[6]       1.139 -0.560 -0.322
loglik[7]       0.473 -1.408 -0.894
loglik[8]       1.059 -0.636  0.567
loglik[9]      -0.670 -1.076  0.898
p.global[1]    -0.567 -1.231  0.011
p.global[2]    -0.599  0.068 -1.725
p.global[3]     0.678  1.174  0.351
p.global[4]    -0.411 -1.830  0.542
