
################################################################################
# Gelman-Rubin Diagnostic
################################################################################

Generally the Gelman diagnostic should be < 1.05


Out of 100 variables: 3 > 1.01

                      
0 > 1.05

                      
0 > 1.1


The worst variables are:

               Point est. Upper C.I.
ilr.global[3]    1.017055   1.052260
p.global[1]      1.010889   1.035159
p.global[4]      1.010742   1.039247
p.global[3]      1.008946   1.031864
ilr.global[2]    1.007758   1.029058
loglik[10]       1.007135   1.016111
deviance         1.006447   1.022817
ilr.fac1[14,3]   1.005055   1.012890
ilr.fac1[17,2]   1.005003   1.019128
ilr.fac1[14,1]   1.004763   1.016049


And here are the Gelman diagnostics for all variables:

               Point est. Upper C.I.
deviance        1.0064468  1.0228175
ilr.fac1[1,1]         NaN        NaN
ilr.fac1[1,2]         NaN        NaN
ilr.fac1[1,3]         NaN        NaN
ilr.fac1[10,1]  1.0006688  1.0024758
ilr.fac1[10,2]  0.9996904  0.9998214
ilr.fac1[10,3]  1.0020482  1.0069709
ilr.fac1[11,1]  1.0011389  1.0054043
ilr.fac1[11,2]  1.0020597  1.0078978
ilr.fac1[11,3]  1.0016592  1.0020079
ilr.fac1[12,1]  1.0020706  1.0085661
ilr.fac1[12,2]  1.0016704  1.0074256
ilr.fac1[12,3]  0.9998384  0.9998538
ilr.fac1[13,1]  0.9998836  1.0005473
ilr.fac1[13,2]  1.0017389  1.0059039
ilr.fac1[13,3]  1.0021859  1.0069931
ilr.fac1[14,1]  1.0047628  1.0160494
ilr.fac1[14,2]  1.0041874  1.0161474
ilr.fac1[14,3]  1.0050552  1.0128897
ilr.fac1[15,1]  0.9998295  1.0006961
ilr.fac1[15,2]  1.0019681  1.0079055
ilr.fac1[15,3]  1.0011500  1.0048998
ilr.fac1[16,1]  1.0003555  1.0025541
ilr.fac1[16,2]  1.0012010  1.0033884
ilr.fac1[16,3]  1.0001990  1.0013155
ilr.fac1[17,1]  1.0016528  1.0066303
ilr.fac1[17,2]  1.0050033  1.0191283
ilr.fac1[17,3]  1.0011805  1.0039692
ilr.fac1[18,1]  1.0020041  1.0030240
ilr.fac1[18,2]  0.9998899  1.0008887
ilr.fac1[18,3]  1.0012339  1.0057223
ilr.fac1[19,1]  1.0027296  1.0090079
ilr.fac1[19,2]  0.9996761  1.0000855
ilr.fac1[19,3]  1.0002618  1.0015299
ilr.fac1[2,1]   1.0022530  1.0093265
ilr.fac1[2,2]   0.9999103  1.0007990
ilr.fac1[2,3]   0.9998018  1.0001404
ilr.fac1[20,1]  0.9999693  1.0002197
ilr.fac1[20,2]  1.0011225  1.0047460
ilr.fac1[20,3]  1.0006674  1.0034479
ilr.fac1[3,1]   1.0014932  1.0047173
ilr.fac1[3,2]   1.0000957  1.0009331
ilr.fac1[3,3]   1.0002748  1.0011178
ilr.fac1[4,1]   1.0002778  1.0021869
ilr.fac1[4,2]   1.0006431  1.0026280
ilr.fac1[4,3]   1.0007625  1.0019034
ilr.fac1[5,1]   1.0007397  1.0027885
ilr.fac1[5,2]   1.0005320  1.0032786
ilr.fac1[5,3]   1.0023497  1.0098660
ilr.fac1[6,1]   1.0000526  1.0006118
ilr.fac1[6,2]   1.0005974  1.0029289
ilr.fac1[6,3]   0.9999290  1.0002994
ilr.fac1[7,1]   1.0000658  1.0004465
ilr.fac1[7,2]   1.0002556  1.0015921
ilr.fac1[7,3]   1.0010040  1.0033749
ilr.fac1[8,1]   1.0008160  1.0026941
ilr.fac1[8,2]   1.0000139  1.0012679
ilr.fac1[8,3]   1.0020124  1.0049588
ilr.fac1[9,1]   0.9999328  0.9999364
ilr.fac1[9,2]   0.9996134  0.9996618
ilr.fac1[9,3]   0.9996770  1.0001459
ilr.fac2[1,1]         NaN        NaN
ilr.fac2[1,2]         NaN        NaN
ilr.fac2[1,3]         NaN        NaN
ilr.fac2[2,1]   1.0020997  1.0071226
ilr.fac2[2,2]   0.9998798  1.0005486
ilr.fac2[2,3]   0.9999977  1.0005694
ilr.global[1]   1.0045331  1.0164603
ilr.global[2]   1.0077583  1.0290581
ilr.global[3]   1.0170554  1.0522595
loglik[1]       1.0044219  1.0166148
loglik[10]      1.0071347  1.0161113
loglik[11]      1.0001431  1.0002118
loglik[12]      1.0002161  1.0018506
loglik[13]      1.0005460  1.0031216
loglik[14]      1.0000726  1.0013257
loglik[15]      0.9997814  1.0000894
loglik[16]      1.0007349  1.0025882
loglik[17]      1.0013229  1.0041114
loglik[18]      1.0010143  1.0025936
loglik[19]      1.0000452  1.0012548
loglik[2]       1.0025674  1.0050531
loglik[20]      1.0006829  1.0031603
loglik[21]      1.0000114  1.0013712
loglik[22]      0.9996793  0.9998213
loglik[23]      1.0041462  1.0128700
loglik[24]      0.9999167  1.0005995
loglik[25]      0.9998636  1.0002825
loglik[26]      1.0003996  1.0017698
loglik[3]       1.0007217  1.0036490
loglik[4]       1.0007934  1.0032782
loglik[5]       1.0009752  1.0044844
loglik[6]       1.0007609  1.0040381
loglik[7]       1.0004097  1.0004939
loglik[8]       1.0007390  1.0030833
loglik[9]       1.0028255  1.0096843
p.global[1]     1.0108888  1.0351588
p.global[2]     0.9999049  1.0007915
p.global[3]     1.0089461  1.0318635
p.global[4]     1.0107424  1.0392474

################################################################################
# Geweke Diagnostic
################################################################################

The Geweke diagnostic is a standard z-score, so we'd expect 5% to be outside +/-1.96
Number of variables outside +/-1.96 in each chain (out of 
100
):


       Chain 1 Chain 2 Chain 3
Geweke       2      11       8


And here are the Geweke diagnostics for all variables:

               chain1 chain2 chain3
deviance       -0.784  1.196 -0.906
ilr.fac1[10,1] -1.764  1.180  2.489
ilr.fac1[10,2]  0.885  0.711  2.111
ilr.fac1[10,3] -0.524 -2.229 -1.285
ilr.fac1[11,1] -0.879 -0.536  0.187
ilr.fac1[11,2]  0.024 -3.834  0.359
ilr.fac1[11,3]  0.303 -0.784  1.155
ilr.fac1[12,1]  0.201 -0.898  0.017
ilr.fac1[12,2]  0.380  0.416 -0.143
ilr.fac1[12,3] -0.118 -0.555 -0.635
ilr.fac1[13,1] -1.846 -0.373 -1.188
ilr.fac1[13,2] -0.350 -1.059 -1.099
ilr.fac1[13,3]  0.248 -0.433 -0.622
ilr.fac1[14,1] -0.513  1.016 -1.362
ilr.fac1[14,2] -0.613 -0.591  1.023
ilr.fac1[14,3] -0.517 -0.950 -1.773
ilr.fac1[15,1]  0.275 -1.420  0.352
ilr.fac1[15,2] -0.703 -1.529 -0.881
ilr.fac1[15,3]  1.214  0.106  0.943
ilr.fac1[16,1] -1.520 -0.832 -2.011
ilr.fac1[16,2]  0.078  0.573  0.069
ilr.fac1[16,3] -0.009  0.090  0.302
ilr.fac1[17,1]  0.007 -1.531 -0.150
ilr.fac1[17,2]  0.755  0.154  1.150
ilr.fac1[17,3] -2.815 -1.405  0.736
ilr.fac1[18,1]  1.251  0.130  0.213
ilr.fac1[18,2]  0.514 -0.437  0.354
ilr.fac1[18,3] -1.514  0.785  0.995
ilr.fac1[19,1] -1.253  0.153 -1.402
ilr.fac1[19,2]  1.251 -1.645 -0.504
ilr.fac1[19,3] -0.985 -1.417  1.392
ilr.fac1[2,1]   0.851  2.819 -0.651
ilr.fac1[2,2]  -0.044 -0.666 -0.445
ilr.fac1[2,3]  -0.017  1.536 -1.094
ilr.fac1[20,1]  1.226 -1.122 -0.134
ilr.fac1[20,2]  1.435 -2.056  2.664
ilr.fac1[20,3] -1.263  0.371 -1.749
ilr.fac1[3,1]   0.873 -0.297 -1.088
ilr.fac1[3,2]   0.180  0.119 -1.543
ilr.fac1[3,3]  -2.094 -0.095 -0.053
ilr.fac1[4,1]   0.011 -0.139  0.243
ilr.fac1[4,2]  -0.487  0.002  0.757
ilr.fac1[4,3]  -0.777  0.401  0.263
ilr.fac1[5,1]  -0.440 -1.177 -0.032
ilr.fac1[5,2]  -1.047 -0.914  1.432
ilr.fac1[5,3]  -1.133  1.287 -0.426
ilr.fac1[6,1]  -0.050 -1.002  0.132
ilr.fac1[6,2]  -0.904  1.193  0.773
ilr.fac1[6,3]   1.936 -1.867 -0.289
ilr.fac1[7,1]   0.809 -0.742  0.045
ilr.fac1[7,2]   0.637 -0.711  2.128
ilr.fac1[7,3]   0.497  3.695 -1.245
ilr.fac1[8,1]   0.102 -0.529  1.454
ilr.fac1[8,2]  -0.171 -2.335  0.333
ilr.fac1[8,3]  -0.616 -1.628  0.734
ilr.fac1[9,1]   1.375 -1.626  0.401
ilr.fac1[9,2]  -0.941  1.137  0.079
ilr.fac1[9,3]   0.266 -0.101  0.018
ilr.fac2[2,1]   1.133 -1.032 -0.783
ilr.fac2[2,2]   0.932 -1.447 -1.218
ilr.fac2[2,3]   0.889 -0.621 -1.452
ilr.global[1]  -0.719  1.197 -1.402
ilr.global[2]  -1.289  3.432 -0.026
ilr.global[3]   0.207  0.129 -0.837
loglik[1]       0.183 -0.114  2.697
loglik[10]      0.955 -1.546  2.678
loglik[11]      1.677 -1.425  0.392
loglik[12]      0.398 -1.900 -1.573
loglik[13]     -0.409 -0.024 -1.939
loglik[14]      0.141  0.340  0.081
loglik[15]     -0.239 -0.233 -1.468
loglik[16]      0.760 -0.492 -0.004
loglik[17]      0.047  0.040 -0.685
loglik[18]      0.144  0.323 -2.487
loglik[19]      1.705 -0.424 -0.311
loglik[2]      -0.805  0.161 -0.080
loglik[20]      0.104  0.376  0.186
loglik[21]      1.632  0.015  1.625
loglik[22]      1.851  0.943  0.631
loglik[23]      0.773 -2.328 -1.021
loglik[24]      1.530  0.015 -0.332
loglik[25]      0.283  1.468  1.631
loglik[26]      1.521 -1.168 -1.358
loglik[3]      -1.368 -2.257  1.201
loglik[4]      -1.489 -0.057 -0.003
loglik[5]       1.627 -0.278 -0.202
loglik[6]      -0.931 -1.702  0.845
loglik[7]      -0.252  1.326  1.363
loglik[8]      -0.590 -1.799  0.855
loglik[9]       0.852 -0.941  0.113
p.global[1]    -0.764  2.163 -1.843
p.global[2]     0.429  0.479  1.011
p.global[3]     1.073 -2.523  0.081
p.global[4]    -0.769 -0.086  0.440
