
################################################################################
# Gelman-Rubin Diagnostic
################################################################################

Generally the Gelman diagnostic should be < 1.05


Out of 56 variables: 30 > 1.01

                      
26 > 1.05

                      
25 > 1.1


The worst variables are:

              Point est. Upper C.I.
fac2.sig        1.296468   2.270812
ilr.fac2[6,1]   1.295038   2.225757
ilr.fac2[5,1]   1.284786   2.145030
ilr.fac2[2,1]   1.265323   1.938273
ilr.fac2[5,2]   1.263958   1.834086
ilr.fac2[1,2]   1.258122   1.791814
ilr.fac2[2,2]   1.252023   1.723619
ilr.fac2[6,3]   1.249709   1.423698
ilr.fac2[1,3]   1.245926   1.527995
ilr.fac2[1,1]   1.244357   1.803003


And here are the Gelman diagnostics for all variables:

              Point est. Upper C.I.
deviance        1.000781   1.004207
fac2.sig        1.296468   2.270812
ilr.fac1[1,1]        NaN        NaN
ilr.fac1[1,2]        NaN        NaN
ilr.fac1[1,3]        NaN        NaN
ilr.fac1[2,1]   1.000702   1.001884
ilr.fac1[2,2]   1.000532   1.000983
ilr.fac1[2,3]   1.005271   1.015650
ilr.fac2[1,1]   1.244357   1.803003
ilr.fac2[1,2]   1.258122   1.791814
ilr.fac2[1,3]   1.245926   1.527995
ilr.fac2[2,1]   1.265323   1.938273
ilr.fac2[2,2]   1.252023   1.723619
ilr.fac2[2,3]   1.175136   1.186104
ilr.fac2[3,1]   1.203009   1.564004
ilr.fac2[3,2]   1.238970   1.655709
ilr.fac2[3,3]   1.219995   1.423515
ilr.fac2[4,1]   1.243729   1.682866
ilr.fac2[4,2]   1.232266   1.558493
ilr.fac2[4,3]   1.188791   1.189053
ilr.fac2[5,1]   1.284786   2.145030
ilr.fac2[5,2]   1.263958   1.834086
ilr.fac2[5,3]   1.242224   1.450299
ilr.fac2[6,1]   1.295038   2.225757
ilr.fac2[6,2]   1.239881   1.544868
ilr.fac2[6,3]   1.249709   1.423698
ilr.fac2[7,1]   1.173763   1.212471
ilr.fac2[7,2]   1.231838   1.265782
ilr.fac2[7,3]   1.238437   1.784871
ilr.fac2[8,1]   1.241196   1.531381
ilr.fac2[8,2]   1.217795   1.293806
ilr.fac2[8,3]   1.192233   1.198800
ilr.global[1]   1.000035   1.001200
ilr.global[2]   1.002989   1.003205
ilr.global[3]   1.003478   1.008682
loglik[1]       1.000659   1.003036
loglik[2]       1.003150   1.009564
loglik[3]       1.009673   1.019904
loglik[4]       1.012230   1.031206
loglik[5]       1.003562   1.013808
loglik[6]       1.000962   1.003602
loglik[7]       1.002420   1.009012
loglik[8]       1.003443   1.011450
loglik[9]       1.002568   1.010421
p.fac1[1,1]     1.000584   1.001535
p.fac1[1,2]     1.013238   1.021523
p.fac1[1,3]     1.004513   1.006387
p.fac1[1,4]     1.002532   1.008999
p.fac1[2,1]     1.000117   1.000489
p.fac1[2,2]     1.064173   1.101737
p.fac1[2,3]     1.028022   1.041307
p.fac1[2,4]     1.007242   1.023816
p.global[1]     1.000584   1.001535
p.global[2]     1.013238   1.021523
p.global[3]     1.004513   1.006387
p.global[4]     1.002532   1.008999

################################################################################
# Geweke Diagnostic
################################################################################

The Geweke diagnostic is a standard z-score, so we'd expect 5% to be outside +/-1.96
Number of variables outside +/-1.96 in each chain (out of 
56
):


       Chain 1 Chain 2 Chain 3
Geweke       1       0      10


And here are the Geweke diagnostics for all variables:

              chain1 chain2 chain3
deviance       1.315 -0.638 -1.086
fac2.sig       0.026  1.021 -0.854
ilr.fac1[2,1]  0.950  0.038  1.147
ilr.fac1[2,2]  0.875 -0.286 -0.579
ilr.fac1[2,3]  1.419 -1.318 -1.151
ilr.fac2[1,1]  0.234  1.125 -0.815
ilr.fac2[1,2] -0.366 -1.033  0.260
ilr.fac2[1,3] -0.774  1.334  0.756
ilr.fac2[2,1]  0.271  1.334 -0.157
ilr.fac2[2,2] -2.607 -0.357 -0.634
ilr.fac2[2,3] -0.292 -0.940 -0.171
ilr.fac2[3,1]  0.448  1.287 -0.064
ilr.fac2[3,2] -0.700 -1.314 -0.603
ilr.fac2[3,3]  0.138 -1.447 -0.313
ilr.fac2[4,1]  0.892  1.401 -1.581
ilr.fac2[4,2]  0.936  1.422 -0.989
ilr.fac2[4,3] -0.245  1.044  0.454
ilr.fac2[5,1]  0.674  1.341 -1.321
ilr.fac2[5,2] -0.690  1.639  0.308
ilr.fac2[5,3] -0.773  0.468 -1.955
ilr.fac2[6,1] -0.955  0.210 -1.735
ilr.fac2[6,2]  0.345 -0.202 -1.560
ilr.fac2[6,3] -0.954  0.498 -1.634
ilr.fac2[7,1] -0.279  0.484  0.320
ilr.fac2[7,2]  0.949  0.172  2.074
ilr.fac2[7,3] -0.482 -0.852  0.744
ilr.fac2[8,1] -0.385  1.276  0.496
ilr.fac2[8,2] -0.262  0.484  0.566
ilr.fac2[8,3]  0.296  0.051 -0.603
ilr.global[1] -1.032 -0.255 -3.643
ilr.global[2]  0.701 -0.261 -0.728
ilr.global[3] -0.047  0.826  1.778
loglik[1]     -1.777 -1.256 -0.249
loglik[2]     -1.679  1.272 -0.068
loglik[3]     -0.369 -0.994  1.984
loglik[4]     -0.183  0.366  2.065
loglik[5]     -0.389  0.285  0.351
loglik[6]      0.021 -0.352 -1.110
loglik[7]      0.379  1.306  0.163
loglik[8]     -1.246  1.158 -1.002
loglik[9]      0.445  0.493  1.071
p.fac1[1,1]    0.177  0.680 -2.182
p.fac1[1,2]    0.176  0.211  3.839
p.fac1[1,3]   -0.123  0.873  2.150
p.fac1[1,4]   -0.193 -1.097 -1.247
p.fac1[2,1]    1.505 -0.577 -1.202
p.fac1[2,2]    0.222  0.848  0.278
p.fac1[2,3]   -0.036  0.427  1.639
p.fac1[2,4]   -1.541  0.043  0.242
p.global[1]    0.177  0.680 -2.182
p.global[2]    0.176  0.211  3.839
p.global[3]   -0.123  0.873  2.150
p.global[4]   -0.193 -1.097 -1.247
