
################################################################################
# Gelman-Rubin Diagnostic
################################################################################

Generally the Gelman diagnostic should be < 1.05


Out of 87 variables: 10 > 1.01

                      
0 > 1.05

                      
0 > 1.1


The worst variables are:

               Point est. Upper C.I.
p.fac1[1,1]      1.030603   1.088692
p.global[1]      1.030603   1.088692
p.global[3]      1.023600   1.070459
p.fac1[1,3]      1.023600   1.070459
p.fac1[2,1]      1.022268   1.053062
ilr.fac2[3,3]    1.019241   1.029581
p.fac1[2,3]      1.017220   1.046756
ilr.global[2]    1.016105   1.054646
ilr.fac2[11,1]   1.013443   1.014110
ilr.global[1]    1.011653   1.024183


And here are the Gelman diagnostics for all variables:

               Point est. Upper C.I.
deviance        1.0020288   1.004472
fac2.sig        1.0081869   1.025842
ilr.fac1[1,1]         NaN        NaN
ilr.fac1[1,2]         NaN        NaN
ilr.fac1[1,3]         NaN        NaN
ilr.fac1[2,1]   0.9998793   1.000361
ilr.fac1[2,2]   1.0012271   1.005265
ilr.fac1[2,3]   0.9999502   1.000815
ilr.fac2[1,1]   1.0043039   1.008497
ilr.fac2[1,2]   1.0051650   1.008720
ilr.fac2[1,3]   1.0001463   1.000182
ilr.fac2[10,1]  1.0020662   1.002183
ilr.fac2[10,2]  1.0026754   1.004416
ilr.fac2[10,3]  1.0011988   1.003524
ilr.fac2[11,1]  1.0134426   1.014110
ilr.fac2[11,2]  1.0019744   1.003136
ilr.fac2[11,3]  1.0028604   1.006233
ilr.fac2[12,1]  1.0027016   1.003968
ilr.fac2[12,2]  1.0045179   1.010781
ilr.fac2[12,3]  1.0039106   1.008448
ilr.fac2[13,1]  1.0073596   1.016285
ilr.fac2[13,2]  1.0021543   1.002593
ilr.fac2[13,3]  1.0001320   1.001435
ilr.fac2[14,1]  1.0047171   1.007684
ilr.fac2[14,2]  1.0008530   1.002298
ilr.fac2[14,3]  1.0042501   1.005573
ilr.fac2[2,1]   1.0066641   1.012264
ilr.fac2[2,2]   1.0025753   1.003915
ilr.fac2[2,3]   1.0087672   1.012737
ilr.fac2[3,1]   1.0078057   1.016050
ilr.fac2[3,2]   1.0056540   1.006495
ilr.fac2[3,3]   1.0192413   1.029581
ilr.fac2[4,1]   1.0048981   1.007714
ilr.fac2[4,2]   1.0030724   1.003153
ilr.fac2[4,3]   1.0021766   1.002718
ilr.fac2[5,1]   1.0016505   1.005941
ilr.fac2[5,2]   1.0011487   1.002427
ilr.fac2[5,3]   1.0035446   1.004400
ilr.fac2[6,1]   1.0036430   1.007642
ilr.fac2[6,2]   1.0055805   1.005878
ilr.fac2[6,3]   1.0021332   1.002544
ilr.fac2[7,1]   1.0054175   1.008969
ilr.fac2[7,2]   1.0041311   1.004437
ilr.fac2[7,3]   1.0060265   1.013322
ilr.fac2[8,1]   1.0076911   1.012637
ilr.fac2[8,2]   1.0012165   1.002885
ilr.fac2[8,3]   1.0052213   1.013093
ilr.fac2[9,1]   1.0035003   1.005723
ilr.fac2[9,2]   1.0080876   1.017585
ilr.fac2[9,3]   1.0067581   1.008086
ilr.global[1]   1.0116527   1.024183
ilr.global[2]   1.0161054   1.054646
ilr.global[3]   1.0065348   1.016531
loglik[1]       1.0034462   1.013629
loglik[10]      1.0016289   1.003285
loglik[11]      1.0028306   1.003343
loglik[12]      1.0004789   1.002396
loglik[13]      1.0014538   1.004488
loglik[14]      1.0001569   1.000753
loglik[15]      1.0041075   1.015810
loglik[16]      1.0008427   1.002318
loglik[17]      1.0016046   1.006989
loglik[18]      1.0013859   1.004595
loglik[19]      1.0017059   1.006419
loglik[2]       1.0016793   1.005392
loglik[20]      1.0057830   1.009830
loglik[3]       1.0006226   1.002687
loglik[4]       1.0018680   1.006697
loglik[5]       1.0033030   1.013125
loglik[6]       1.0027871   1.005200
loglik[7]       1.0002712   1.001936
loglik[8]       1.0017052   1.003228
loglik[9]       1.0036200   1.007187
p.fac1[1,1]     1.0306029   1.088692
p.fac1[1,2]     1.0009915   1.003638
p.fac1[1,3]     1.0235998   1.070459
p.fac1[1,4]     1.0048689   1.015383
p.fac1[2,1]     1.0222683   1.053062
p.fac1[2,2]     1.0035988   1.007212
p.fac1[2,3]     1.0172196   1.046756
p.fac1[2,4]     1.0015294   1.006461
p.global[1]     1.0306029   1.088692
p.global[2]     1.0009915   1.003638
p.global[3]     1.0235998   1.070459
p.global[4]     1.0048689   1.015383
resid.prop[1]   1.0011522   1.004380
resid.prop[2]   1.0047560   1.017121

################################################################################
# Geweke Diagnostic
################################################################################

The Geweke diagnostic is a standard z-score, so we'd expect 5% to be outside +/-1.96
Number of variables outside +/-1.96 in each chain (out of 
87
):


       Chain 1 Chain 2 Chain 3
Geweke       2       8       2


And here are the Geweke diagnostics for all variables:

               chain1 chain2 chain3
deviance        1.145 -1.180  0.905
fac2.sig       -0.346  0.478 -0.856
ilr.fac1[2,1]  -0.934 -0.558 -1.559
ilr.fac1[2,2]   1.187  2.825 -0.441
ilr.fac1[2,3]   0.456  1.209  0.288
ilr.fac2[1,1]  -1.537 -2.100  1.203
ilr.fac2[1,2]  -0.865 -0.247  0.929
ilr.fac2[1,3]   0.050 -0.561  0.130
ilr.fac2[10,1]  0.087  1.651 -0.131
ilr.fac2[10,2] -0.742  0.886 -0.001
ilr.fac2[10,3]  1.052  0.556  0.946
ilr.fac2[11,1]  0.742 -0.243  0.220
ilr.fac2[11,2]  0.274 -1.026 -0.341
ilr.fac2[11,3] -0.219 -1.166 -1.449
ilr.fac2[12,1] -0.523 -1.382 -1.410
ilr.fac2[12,2]  0.414 -2.586  0.831
ilr.fac2[12,3] -0.009 -0.048 -0.734
ilr.fac2[13,1]  0.265  0.313  0.730
ilr.fac2[13,2]  0.738 -0.431 -0.914
ilr.fac2[13,3] -0.686  0.212 -0.369
ilr.fac2[14,1] -0.996  0.144  1.462
ilr.fac2[14,2] -0.080  0.520 -1.657
ilr.fac2[14,3]  0.189  0.361  0.030
ilr.fac2[2,1]  -0.322  0.807 -0.755
ilr.fac2[2,2]  -0.882  0.200 -0.916
ilr.fac2[2,3]   0.181  0.732  0.873
ilr.fac2[3,1]   0.254 -1.419  0.104
ilr.fac2[3,2]   0.534 -0.467 -0.724
ilr.fac2[3,3]   0.162 -1.055 -0.689
ilr.fac2[4,1]   1.271 -1.411  0.825
ilr.fac2[4,2]  -0.679  2.511  0.659
ilr.fac2[4,3]   1.843  1.782  1.462
ilr.fac2[5,1]  -0.235 -1.364  0.254
ilr.fac2[5,2]   0.428  0.772  0.048
ilr.fac2[5,3]   0.918  0.677 -0.301
ilr.fac2[6,1]   0.504 -0.289  0.582
ilr.fac2[6,2]   1.607 -0.697 -0.198
ilr.fac2[6,3]  -0.015 -0.088 -0.620
ilr.fac2[7,1]   1.605  0.312 -0.252
ilr.fac2[7,2]   0.590 -0.869 -0.189
ilr.fac2[7,3]   0.620  0.736 -2.428
ilr.fac2[8,1]  -1.011  3.354  0.704
ilr.fac2[8,2]  -0.860  1.066  1.052
ilr.fac2[8,3]   2.110 -0.101  2.843
ilr.fac2[9,1]   0.580  1.895 -0.298
ilr.fac2[9,2]   0.393  1.211  0.481
ilr.fac2[9,3]   1.235  1.254 -0.866
ilr.global[1]  -0.606  0.097  1.180
ilr.global[2]   0.574 -2.081  0.338
ilr.global[3]   0.326 -1.475  0.356
loglik[1]      -0.195  1.957 -0.475
loglik[10]     -0.758  0.193  0.252
loglik[11]      0.155 -0.634  0.092
loglik[12]     -0.939  1.596  0.127
loglik[13]     -0.774  0.091  0.400
loglik[14]     -2.180  1.439 -0.633
loglik[15]     -1.266  1.195 -1.674
loglik[16]     -1.267 -0.857  0.113
loglik[17]      0.304  0.367 -1.085
loglik[18]     -0.651  1.937 -1.063
loglik[19]     -0.276 -0.452  0.174
loglik[2]       0.058 -1.024 -1.133
loglik[20]     -1.326  2.184  0.717
loglik[3]      -0.775 -0.872 -0.693
loglik[4]       1.337 -1.740 -0.441
loglik[5]      -0.868  0.817 -0.636
loglik[6]      -0.323  0.683 -0.576
loglik[7]       0.605 -0.175 -0.438
loglik[8]       0.629  1.417 -0.373
loglik[9]       0.109 -0.023  0.019
p.fac1[1,1]    -0.073 -1.813  0.539
p.fac1[1,2]     0.338 -0.306 -1.255
p.fac1[1,3]    -0.351  1.953  0.175
p.fac1[1,4]     0.370  0.706  0.231
p.fac1[2,1]    -0.226 -1.773 -0.384
p.fac1[2,2]     1.871 -0.887 -1.095
p.fac1[2,3]    -0.740  1.555  1.121
p.fac1[2,4]     0.362  1.319  0.042
p.global[1]    -0.073 -1.813  0.539
p.global[2]     0.338 -0.306 -1.255
p.global[3]    -0.351  1.953  0.175
p.global[4]     0.370  0.706  0.231
resid.prop[1]   0.685 -0.284 -0.221
resid.prop[2]   0.257  2.150 -0.171
