
################################################################################
# Gelman-Rubin Diagnostic
################################################################################

Generally the Gelman diagnostic should be < 1.05


Out of 82 variables: 9 > 1.01

                      
0 > 1.05

                      
0 > 1.1


The worst variables are:

               Point est. Upper C.I.
p.fac1[1,2]      1.027470   1.051275
p.global[2]      1.027470   1.051275
p.fac1[2,1]      1.016866   1.044795
p.fac1[1,1]      1.015237   1.050526
p.global[1]      1.015237   1.050526
ilr.fac2[6,2]    1.013924   1.046583
ilr.global[2]    1.013435   1.049041
ilr.fac2[5,2]    1.010714   1.035813
ilr.fac2[10,2]   1.010115   1.031089
ilr.fac2[7,2]    1.008825   1.010237


And here are the Gelman diagnostics for all variables:

               Point est. Upper C.I.
deviance        1.0009244  1.0044452
fac2.sig        1.0023097  1.0039646
ilr.fac1[1,1]         NaN        NaN
ilr.fac1[1,2]         NaN        NaN
ilr.fac1[1,3]         NaN        NaN
ilr.fac1[2,1]   1.0001984  1.0016940
ilr.fac1[2,2]   0.9997698  1.0000963
ilr.fac1[2,3]   1.0002843  1.0012798
ilr.fac2[1,1]   1.0003392  1.0019398
ilr.fac2[1,2]   1.0007645  1.0039742
ilr.fac2[1,3]   1.0007016  1.0011565
ilr.fac2[10,1]  1.0081104  1.0142651
ilr.fac2[10,2]  1.0101149  1.0310887
ilr.fac2[10,3]  1.0022253  1.0023265
ilr.fac2[11,1]  1.0008430  1.0019612
ilr.fac2[11,2]  1.0025463  1.0065837
ilr.fac2[11,3]  1.0018396  1.0042935
ilr.fac2[12,1]  1.0003004  1.0015547
ilr.fac2[12,2]  1.0013999  1.0053247
ilr.fac2[12,3]  1.0021507  1.0060947
ilr.fac2[13,1]  1.0020867  1.0051290
ilr.fac2[13,2]  1.0054957  1.0194118
ilr.fac2[13,3]  1.0010371  1.0037286
ilr.fac2[14,1]  0.9998856  1.0000567
ilr.fac2[14,2]  1.0064337  1.0171031
ilr.fac2[14,3]  1.0059135  1.0135925
ilr.fac2[2,1]   0.9999416  1.0003237
ilr.fac2[2,2]   1.0009870  1.0042046
ilr.fac2[2,3]   1.0038153  1.0043745
ilr.fac2[3,1]   1.0025877  1.0054214
ilr.fac2[3,2]   1.0017641  1.0060254
ilr.fac2[3,3]   1.0000306  1.0003049
ilr.fac2[4,1]   1.0000719  1.0015802
ilr.fac2[4,2]   1.0037408  1.0058463
ilr.fac2[4,3]   1.0006701  1.0018369
ilr.fac2[5,1]   1.0053875  1.0177874
ilr.fac2[5,2]   1.0107139  1.0358127
ilr.fac2[5,3]   1.0008589  1.0025114
ilr.fac2[6,1]   1.0052851  1.0101537
ilr.fac2[6,2]   1.0139241  1.0465827
ilr.fac2[6,3]   1.0013173  1.0045269
ilr.fac2[7,1]   1.0024524  1.0069600
ilr.fac2[7,2]   1.0088247  1.0102375
ilr.fac2[7,3]   1.0022838  1.0054933
ilr.fac2[8,1]   1.0026952  1.0037943
ilr.fac2[8,2]   1.0045927  1.0159455
ilr.fac2[8,3]   1.0010215  1.0044837
ilr.fac2[9,1]   1.0020625  1.0078349
ilr.fac2[9,2]   1.0039253  1.0134795
ilr.fac2[9,3]   1.0015574  1.0058614
ilr.global[1]   1.0052867  1.0188602
ilr.global[2]   1.0134349  1.0490405
ilr.global[3]   1.0087286  1.0318580
loglik[1]       1.0001431  1.0007684
loglik[10]      1.0017350  1.0044123
loglik[11]      1.0004468  1.0028280
loglik[12]      1.0019569  1.0047412
loglik[13]      1.0003861  1.0017291
loglik[14]      1.0038701  1.0092569
loglik[15]      0.9998420  1.0001050
loglik[16]      1.0008629  1.0024625
loglik[17]      1.0054674  1.0164146
loglik[2]       1.0041579  1.0105206
loglik[3]       1.0060688  1.0201480
loglik[4]       0.9996790  0.9998119
loglik[5]       0.9997718  0.9998291
loglik[6]       1.0034609  1.0082227
loglik[7]       1.0044865  1.0077573
loglik[8]       1.0001392  1.0010248
loglik[9]       1.0014202  1.0061429
p.fac1[1,1]     1.0152374  1.0505263
p.fac1[1,2]     1.0274695  1.0512753
p.fac1[1,3]     1.0038470  1.0133601
p.fac1[1,4]     1.0079000  1.0271945
p.fac1[2,1]     1.0168657  1.0447950
p.fac1[2,2]     1.0065034  1.0185751
p.fac1[2,3]     1.0049110  1.0186273
p.fac1[2,4]     1.0056685  1.0215967
p.global[1]     1.0152374  1.0505263
p.global[2]     1.0274695  1.0512753
p.global[3]     1.0038470  1.0133601
p.global[4]     1.0079000  1.0271945

################################################################################
# Geweke Diagnostic
################################################################################

The Geweke diagnostic is a standard z-score, so we'd expect 5% to be outside +/-1.96
Number of variables outside +/-1.96 in each chain (out of 
82
):


       Chain 1 Chain 2 Chain 3
Geweke       9       5       8


And here are the Geweke diagnostics for all variables:

               chain1 chain2 chain3
deviance        1.993 -0.891 -0.168
fac2.sig       -0.727  0.854 -0.605
ilr.fac1[2,1]   0.310  1.702 -0.917
ilr.fac1[2,2]   0.725  0.833  0.051
ilr.fac1[2,3]   1.041 -0.698  0.123
ilr.fac2[1,1]   0.931  0.651  0.969
ilr.fac2[1,2]   0.984  0.892 -0.101
ilr.fac2[1,3]   1.159 -0.815  0.844
ilr.fac2[10,1]  0.328  0.451 -0.507
ilr.fac2[10,2]  0.501 -0.185 -1.188
ilr.fac2[10,3] -1.236  0.426 -0.515
ilr.fac2[11,1] -0.599  0.552  0.337
ilr.fac2[11,2]  1.183  0.849  0.187
ilr.fac2[11,3]  1.475 -0.177  0.414
ilr.fac2[12,1]  0.126  0.005  1.673
ilr.fac2[12,2] -0.951 -1.489  2.793
ilr.fac2[12,3] -0.664 -1.058  0.953
ilr.fac2[13,1] -0.214 -0.313  0.293
ilr.fac2[13,2] -0.558  0.543  1.092
ilr.fac2[13,3]  0.689 -0.190  2.227
ilr.fac2[14,1] -0.312 -0.903  0.556
ilr.fac2[14,2]  0.021 -0.784  0.050
ilr.fac2[14,3] -1.761  0.349 -2.077
ilr.fac2[2,1]  -0.151  0.405  0.805
ilr.fac2[2,2]  -0.593 -1.343  1.737
ilr.fac2[2,3]   1.566 -2.572 -0.566
ilr.fac2[3,1]  -1.178  0.181  0.169
ilr.fac2[3,2]  -1.782 -0.108  1.396
ilr.fac2[3,3]   0.366 -2.202 -0.258
ilr.fac2[4,1]  -1.973 -0.167 -2.250
ilr.fac2[4,2]  -1.825 -0.151  0.997
ilr.fac2[4,3]   2.314  0.154  2.084
ilr.fac2[5,1]   0.240 -0.574 -0.694
ilr.fac2[5,2]   0.676 -0.433  0.374
ilr.fac2[5,3]  -2.377  0.627  0.084
ilr.fac2[6,1]   0.308 -0.076 -0.016
ilr.fac2[6,2]   0.755 -1.611 -2.439
ilr.fac2[6,3]  -3.676 -0.489 -1.868
ilr.fac2[7,1]  -0.494  0.293 -1.458
ilr.fac2[7,2]  -0.422 -1.197  1.599
ilr.fac2[7,3]  -0.256 -2.379 -0.509
ilr.fac2[8,1]  -1.486 -0.420 -0.709
ilr.fac2[8,2]  -1.002 -1.466  1.338
ilr.fac2[8,3]   1.813 -1.319  0.890
ilr.fac2[9,1]   0.383 -0.975 -2.254
ilr.fac2[9,2]   0.881  0.185 -0.258
ilr.fac2[9,3]   0.110 -0.400  0.275
ilr.global[1]  -0.980  0.784 -0.124
ilr.global[2]   2.496 -0.837  0.662
ilr.global[3]   1.107 -0.309 -0.059
loglik[1]      -2.245  0.721  0.822
loglik[10]     -1.151 -0.430 -0.285
loglik[11]     -2.300  0.788  0.422
loglik[12]     -1.615  0.229  0.826
loglik[13]     -0.016  0.945  0.620
loglik[14]     -0.765 -1.923  2.473
loglik[15]     -0.035  0.520 -1.026
loglik[16]      0.767  1.000 -1.872
loglik[17]     -0.746  0.827 -0.564
loglik[2]       0.141 -1.488 -0.947
loglik[3]      -1.615  1.454  0.903
loglik[4]       0.354 -1.197  1.208
loglik[5]       1.962  2.535 -0.637
loglik[6]      -0.242  0.475 -0.712
loglik[7]      -0.942  1.087 -0.459
loglik[8]      -0.804  1.000 -0.441
loglik[9]      -1.271  2.288  0.273
p.fac1[1,1]     0.978 -0.174  0.148
p.fac1[1,2]     1.595 -1.080 -0.280
p.fac1[1,3]    -1.077  0.707 -0.129
p.fac1[1,4]    -0.769 -0.121  0.016
p.fac1[2,1]     0.668 -0.159 -0.909
p.fac1[2,2]     0.997 -0.954  0.298
p.fac1[2,3]     0.034  0.175  0.985
p.fac1[2,4]    -0.924  0.301  0.004
p.global[1]     0.978 -0.174  0.148
p.global[2]     1.595 -1.080 -0.280
p.global[3]    -1.077  0.707 -0.129
p.global[4]    -0.769 -0.121  0.016
