
################################################################################
# Gelman-Rubin Diagnostic
################################################################################

Generally the Gelman diagnostic should be < 1.05


Out of 109 variables: 8 > 1.01

                      
0 > 1.05

                      
0 > 1.1


The worst variables are:

               Point est. Upper C.I.
p.fac1[2,3]      1.019633   1.057464
ilr.global[2]    1.018843   1.066607
p.fac1[2,1]      1.014661   1.026327
p.global[3]      1.012417   1.041040
p.fac1[1,3]      1.012417   1.041040
ilr.fac2[13,3]   1.011045   1.013192
p.fac1[2,2]      1.010215   1.034221
loglik[24]       1.010139   1.010510
fac2.sig         1.009717   1.027874
ilr.fac2[15,3]   1.009402   1.012066


And here are the Gelman diagnostics for all variables:

               Point est. Upper C.I.
deviance        1.0068561   1.013301
fac2.sig        1.0097169   1.027874
ilr.fac1[1,1]         NaN        NaN
ilr.fac1[1,2]         NaN        NaN
ilr.fac1[1,3]         NaN        NaN
ilr.fac1[2,1]   1.0004663   1.002881
ilr.fac1[2,2]   1.0004318   1.002505
ilr.fac1[2,3]   1.0011859   1.001635
ilr.fac2[1,1]   1.0018453   1.002433
ilr.fac2[1,2]   1.0012415   1.002186
ilr.fac2[1,3]   1.0001978   1.000373
ilr.fac2[10,1]  1.0003981   1.001277
ilr.fac2[10,2]  1.0059016   1.010803
ilr.fac2[10,3]  1.0013022   1.004316
ilr.fac2[11,1]  1.0021450   1.004160
ilr.fac2[11,2]  1.0015437   1.002622
ilr.fac2[11,3]  1.0024992   1.004518
ilr.fac2[12,1]  1.0048979   1.007651
ilr.fac2[12,2]  1.0004877   1.002586
ilr.fac2[12,3]  1.0011020   1.002715
ilr.fac2[13,1]  0.9999596   1.000154
ilr.fac2[13,2]  1.0022489   1.005890
ilr.fac2[13,3]  1.0110446   1.013192
ilr.fac2[14,1]  1.0085511   1.010553
ilr.fac2[14,2]  1.0055148   1.006217
ilr.fac2[14,3]  1.0006695   1.002124
ilr.fac2[15,1]  1.0007292   1.002844
ilr.fac2[15,2]  1.0003266   1.000896
ilr.fac2[15,3]  1.0094023   1.012066
ilr.fac2[16,1]  1.0048691   1.005973
ilr.fac2[16,2]  1.0045607   1.014853
ilr.fac2[16,3]  1.0029385   1.006533
ilr.fac2[17,1]  1.0019557   1.006072
ilr.fac2[17,2]  1.0026638   1.007359
ilr.fac2[17,3]  1.0007518   1.001033
ilr.fac2[18,1]  1.0022105   1.004103
ilr.fac2[18,2]  0.9998806   1.000089
ilr.fac2[18,3]  1.0012210   1.004462
ilr.fac2[19,1]  1.0025715   1.006531
ilr.fac2[19,2]  1.0003918   1.001226
ilr.fac2[19,3]  1.0018532   1.005321
ilr.fac2[2,1]   1.0009831   1.002828
ilr.fac2[2,2]   1.0002966   1.001842
ilr.fac2[2,3]   1.0009780   1.004381
ilr.fac2[20,1]  1.0002519   1.001976
ilr.fac2[20,2]  1.0036549   1.004685
ilr.fac2[20,3]  1.0030230   1.012357
ilr.fac2[3,1]   0.9996779   1.000111
ilr.fac2[3,2]   1.0077335   1.024987
ilr.fac2[3,3]   1.0002831   1.001576
ilr.fac2[4,1]   1.0045114   1.014275
ilr.fac2[4,2]   1.0012176   1.001674
ilr.fac2[4,3]   1.0036346   1.006511
ilr.fac2[5,1]   1.0064721   1.007354
ilr.fac2[5,2]   1.0015097   1.005784
ilr.fac2[5,3]   1.0004777   1.002018
ilr.fac2[6,1]   1.0053491   1.009461
ilr.fac2[6,2]   1.0056127   1.008766
ilr.fac2[6,3]   1.0006426   1.000712
ilr.fac2[7,1]   1.0007181   1.001237
ilr.fac2[7,2]   1.0019825   1.002000
ilr.fac2[7,3]   1.0012341   1.005052
ilr.fac2[8,1]   1.0014631   1.001527
ilr.fac2[8,2]   1.0010559   1.003378
ilr.fac2[8,3]   1.0018931   1.002982
ilr.fac2[9,1]   1.0008792   1.002609
ilr.fac2[9,2]   1.0037439   1.012463
ilr.fac2[9,3]   1.0000296   1.000330
ilr.global[1]   1.0052628   1.009770
ilr.global[2]   1.0188426   1.066607
ilr.global[3]   1.0040557   1.015011
loglik[1]       1.0043139   1.004694
loglik[10]      1.0022483   1.008261
loglik[11]      1.0041319   1.009526
loglik[12]      1.0025045   1.002776
loglik[13]      1.0011739   1.003532
loglik[14]      1.0021905   1.005925
loglik[15]      1.0004758   1.001839
loglik[16]      1.0010992   1.001338
loglik[17]      1.0005942   1.002571
loglik[18]      1.0045842   1.005238
loglik[19]      1.0011888   1.003320
loglik[2]       1.0021622   1.007743
loglik[20]      1.0015263   1.003841
loglik[21]      1.0071035   1.022310
loglik[22]      1.0016830   1.007363
loglik[23]      1.0028431   1.003996
loglik[24]      1.0101387   1.010510
loglik[3]       1.0002469   1.000266
loglik[4]       1.0002860   1.001679
loglik[5]       0.9998854   1.000263
loglik[6]       1.0010485   1.003265
loglik[7]       1.0024228   1.002736
loglik[8]       1.0004574   1.001127
loglik[9]       1.0031459   1.004719
p.fac1[1,1]     1.0060444   1.012848
p.fac1[1,2]     1.0086973   1.032389
p.fac1[1,3]     1.0124169   1.041040
p.fac1[1,4]     1.0016640   1.005978
p.fac1[2,1]     1.0146614   1.026327
p.fac1[2,2]     1.0102145   1.034221
p.fac1[2,3]     1.0196328   1.057464
p.fac1[2,4]     1.0021219   1.007033
p.global[1]     1.0060444   1.012848
p.global[2]     1.0086973   1.032389
p.global[3]     1.0124169   1.041040
p.global[4]     1.0016640   1.005978
resid.prop[1]   1.0001396   1.000465
resid.prop[2]   1.0005437   1.002758

################################################################################
# Geweke Diagnostic
################################################################################

The Geweke diagnostic is a standard z-score, so we'd expect 5% to be outside +/-1.96
Number of variables outside +/-1.96 in each chain (out of 
109
):


       Chain 1 Chain 2 Chain 3
Geweke       8       6       4


And here are the Geweke diagnostics for all variables:

               chain1 chain2 chain3
deviance        0.331 -0.785 -0.429
fac2.sig       -0.505 -0.289  1.119
ilr.fac1[2,1]  -1.296  1.411  0.456
ilr.fac1[2,2]   0.081 -0.137  1.440
ilr.fac1[2,3]   1.345 -0.590  2.194
ilr.fac2[1,1]   0.546 -0.091 -0.912
ilr.fac2[1,2]  -0.653  1.633  0.334
ilr.fac2[1,3]  -0.229  1.033 -0.516
ilr.fac2[10,1]  0.116 -0.702  0.555
ilr.fac2[10,2] -0.690  0.239  0.449
ilr.fac2[10,3] -0.668  0.014 -0.944
ilr.fac2[11,1] -0.028  0.910 -1.188
ilr.fac2[11,2]  1.519 -1.230 -0.326
ilr.fac2[11,3] -1.292 -1.099  0.493
ilr.fac2[12,1]  0.051  0.873  0.415
ilr.fac2[12,2]  0.581 -0.990  0.194
ilr.fac2[12,3]  0.832  0.562 -0.451
ilr.fac2[13,1]  0.811 -0.793 -0.402
ilr.fac2[13,2]  1.357 -0.273 -0.522
ilr.fac2[13,3] -0.699 -1.218  2.212
ilr.fac2[14,1] -1.717  0.080 -2.350
ilr.fac2[14,2] -1.324 -1.605  0.217
ilr.fac2[14,3]  0.208 -0.762  0.424
ilr.fac2[15,1] -2.246 -0.922  0.941
ilr.fac2[15,2] -1.327 -0.591  0.145
ilr.fac2[15,3] -1.478  0.765  0.451
ilr.fac2[16,1] -0.755 -0.823 -0.410
ilr.fac2[16,2]  1.278  0.228 -0.441
ilr.fac2[16,3]  0.136 -0.922  0.316
ilr.fac2[17,1] -0.436  0.262 -1.023
ilr.fac2[17,2]  1.850 -0.556 -0.567
ilr.fac2[17,3] -1.018  0.747  0.191
ilr.fac2[18,1]  0.698  0.950 -1.924
ilr.fac2[18,2] -1.023 -0.017 -1.236
ilr.fac2[18,3]  0.331  1.885 -0.478
ilr.fac2[19,1] -0.170 -2.332 -0.280
ilr.fac2[19,2] -0.393  0.718  0.392
ilr.fac2[19,3]  0.579 -0.384 -0.323
ilr.fac2[2,1]  -0.121  0.531 -0.847
ilr.fac2[2,2]   0.828  0.515 -0.210
ilr.fac2[2,3]   0.537 -1.635  0.300
ilr.fac2[20,1] -0.316  0.249 -1.061
ilr.fac2[20,2] -0.471  0.699 -0.177
ilr.fac2[20,3]  0.619  2.345 -1.446
ilr.fac2[3,1]  -1.506 -0.184 -0.005
ilr.fac2[3,2]  -0.156 -1.136  2.359
ilr.fac2[3,3]   0.322 -1.079 -1.094
ilr.fac2[4,1]   0.383 -0.121  0.637
ilr.fac2[4,2]  -0.095  0.209 -1.271
ilr.fac2[4,3]   0.170 -0.511 -0.502
ilr.fac2[5,1]   0.480  1.035 -0.727
ilr.fac2[5,2]  -0.562 -0.823 -0.569
ilr.fac2[5,3]  -1.564 -0.338 -0.925
ilr.fac2[6,1]   0.329  1.568 -0.851
ilr.fac2[6,2]   1.353 -0.042 -0.053
ilr.fac2[6,3]   1.802  1.515  0.127
ilr.fac2[7,1]   0.144  0.919 -1.001
ilr.fac2[7,2]   0.731  0.984  1.436
ilr.fac2[7,3]  -0.142 -2.312 -0.310
ilr.fac2[8,1]   1.488 -0.796 -0.142
ilr.fac2[8,2]   0.044  0.149  0.057
ilr.fac2[8,3]  -0.012  2.536  1.431
ilr.fac2[9,1]   0.113  0.096  0.174
ilr.fac2[9,2]  -0.969 -0.363  1.547
ilr.fac2[9,3]  -0.127 -1.577 -0.981
ilr.global[1]  -0.265 -0.325 -1.399
ilr.global[2]  -0.249  0.987 -0.439
ilr.global[3]  -2.247  0.833 -0.690
loglik[1]      -0.470 -0.578 -0.539
loglik[10]      0.314 -2.224  1.631
loglik[11]     -0.439  0.993  1.566
loglik[12]      0.811 -1.166 -1.599
loglik[13]     -0.779  2.195  1.777
loglik[14]      1.701  1.215  0.186
loglik[15]      0.989  0.698  1.231
loglik[16]     -0.710  1.041 -0.502
loglik[17]     -1.154  1.876  0.649
loglik[18]      1.408 -0.461  0.209
loglik[19]     -1.953 -0.466 -0.209
loglik[2]       0.905  0.163  0.318
loglik[20]      1.639  1.092  1.318
loglik[21]     -1.919  0.681  0.161
loglik[22]     -1.768  1.199 -0.076
loglik[23]      0.327  0.127 -1.009
loglik[24]      1.022 -0.770 -0.202
loglik[3]       2.264 -0.890 -0.091
loglik[4]      -1.347  0.729 -0.863
loglik[5]      -3.618  0.504  0.081
loglik[6]       1.009  0.847  0.974
loglik[7]       2.027  0.528  0.337
loglik[8]       1.363 -0.116  0.140
loglik[9]       1.288  0.834 -0.462
p.fac1[1,1]    -1.157  0.232 -0.676
p.fac1[1,2]     0.285  0.927  0.294
p.fac1[1,3]    -0.186 -0.486  0.598
p.fac1[1,4]     2.230 -0.286 -0.754
p.fac1[2,1]    -1.166  0.169 -0.451
p.fac1[2,2]     0.758  0.478  1.101
p.fac1[2,3]    -0.125 -0.536  0.250
p.fac1[2,4]     2.097  0.333 -1.833
p.global[1]    -1.157  0.232 -0.676
p.global[2]     0.285  0.927  0.294
p.global[3]    -0.186 -0.486  0.598
p.global[4]     2.230 -0.286 -0.754
resid.prop[1]   0.084 -0.809 -0.312
resid.prop[2]  -0.526 -0.215  0.870
