
################################################################################
# Gelman-Rubin Diagnostic
################################################################################

Generally the Gelman diagnostic should be < 1.05


Out of 85 variables: 26 > 1.01

                      
0 > 1.05

                      
0 > 1.1


The worst variables are:

               Point est. Upper C.I.
ilr.fac2[3,1]    1.028135   1.030829
ilr.fac2[9,3]    1.027113   1.032797
ilr.fac2[13,1]   1.027102   1.035412
ilr.fac2[10,2]   1.025899   1.027048
fac2.sig         1.021932   1.043364
ilr.fac2[11,3]   1.021850   1.031368
ilr.fac2[5,1]    1.020679   1.037418
ilr.fac2[2,2]    1.016523   1.017618
ilr.fac2[13,2]   1.015980   1.019363
ilr.fac2[1,3]    1.015965   1.020604


And here are the Gelman diagnostics for all variables:

               Point est. Upper C.I.
deviance        1.0014315   1.002810
fac2.sig        1.0219317   1.043364
ilr.fac1[1,1]         NaN        NaN
ilr.fac1[1,2]         NaN        NaN
ilr.fac1[1,3]         NaN        NaN
ilr.fac1[2,1]   1.0004723   1.001285
ilr.fac1[2,2]   0.9999164   1.000276
ilr.fac1[2,3]   1.0006467   1.003211
ilr.fac2[1,1]   1.0043406   1.004457
ilr.fac2[1,2]   1.0108325   1.012404
ilr.fac2[1,3]   1.0159647   1.020604
ilr.fac2[10,1]  1.0067584   1.015025
ilr.fac2[10,2]  1.0258991   1.027048
ilr.fac2[10,3]  1.0156595   1.016272
ilr.fac2[11,1]  1.0119276   1.014477
ilr.fac2[11,2]  1.0079142   1.009117
ilr.fac2[11,3]  1.0218500   1.031368
ilr.fac2[12,1]  1.0097118   1.011358
ilr.fac2[12,2]  1.0126163   1.013360
ilr.fac2[12,3]  1.0120826   1.016796
ilr.fac2[13,1]  1.0271023   1.035412
ilr.fac2[13,2]  1.0159798   1.019363
ilr.fac2[13,3]  1.0036663   1.005377
ilr.fac2[14,1]  1.0122518   1.014798
ilr.fac2[14,2]  1.0094982   1.014112
ilr.fac2[14,3]  1.0047376   1.006623
ilr.fac2[15,1]  1.0017619   1.002112
ilr.fac2[15,2]  1.0040541   1.007036
ilr.fac2[15,3]  1.0010835   1.001291
ilr.fac2[2,1]   1.0152765   1.017734
ilr.fac2[2,2]   1.0165226   1.017618
ilr.fac2[2,3]   1.0013900   1.003330
ilr.fac2[3,1]   1.0281352   1.030829
ilr.fac2[3,2]   1.0131519   1.015845
ilr.fac2[3,3]   1.0108223   1.013919
ilr.fac2[4,1]   1.0047943   1.006977
ilr.fac2[4,2]   1.0079595   1.011850
ilr.fac2[4,3]   1.0099302   1.012762
ilr.fac2[5,1]   1.0206790   1.037418
ilr.fac2[5,2]   1.0029983   1.004716
ilr.fac2[5,3]   1.0102010   1.014824
ilr.fac2[6,1]   1.0006799   1.001582
ilr.fac2[6,2]   1.0071521   1.007836
ilr.fac2[6,3]   1.0119459   1.013216
ilr.fac2[7,1]   1.0044652   1.005909
ilr.fac2[7,2]   1.0055388   1.006769
ilr.fac2[7,3]   1.0119144   1.014464
ilr.fac2[8,1]   1.0155242   1.031065
ilr.fac2[8,2]   1.0097630   1.009863
ilr.fac2[8,3]   1.0148525   1.021036
ilr.fac2[9,1]   1.0116877   1.016056
ilr.fac2[9,2]   1.0130110   1.015003
ilr.fac2[9,3]   1.0271128   1.032797
ilr.global[1]   1.0067880   1.012056
ilr.global[2]   1.0019124   1.003338
ilr.global[3]   1.0095340   1.022966
loglik[1]       1.0027657   1.007654
loglik[10]      1.0002443   1.000679
loglik[11]      1.0018167   1.003456
loglik[12]      1.0017932   1.002091
loglik[13]      1.0006896   1.002337
loglik[14]      1.0067916   1.007057
loglik[15]      1.0018381   1.004214
loglik[16]      1.0034417   1.011394
loglik[17]      1.0011986   1.005637
loglik[2]       1.0006871   1.002231
loglik[3]       1.0006194   1.002358
loglik[4]       1.0042338   1.008673
loglik[5]       1.0045071   1.008410
loglik[6]       1.0025844   1.003462
loglik[7]       1.0004928   1.002492
loglik[8]       1.0007055   1.002123
loglik[9]       1.0010124   1.002770
p.fac1[1,1]     1.0033442   1.009466
p.fac1[1,2]     1.0001928   1.000892
p.fac1[1,3]     1.0001720   1.001900
p.fac1[1,4]     1.0034771   1.009248
p.fac1[2,1]     1.0019303   1.004566
p.fac1[2,2]     1.0024975   1.006384
p.fac1[2,3]     1.0017556   1.006441
p.fac1[2,4]     1.0025656   1.006597
p.global[1]     1.0033442   1.009466
p.global[2]     1.0001928   1.000892
p.global[3]     1.0001720   1.001900
p.global[4]     1.0034771   1.009248

################################################################################
# Geweke Diagnostic
################################################################################

The Geweke diagnostic is a standard z-score, so we'd expect 5% to be outside +/-1.96
Number of variables outside +/-1.96 in each chain (out of 
85
):


       Chain 1 Chain 2 Chain 3
Geweke       8      10      17


And here are the Geweke diagnostics for all variables:

               chain1 chain2 chain3
deviance        2.000 -1.319 -1.537
fac2.sig       -1.630  1.152  1.272
ilr.fac1[2,1]  -0.587  0.730  0.839
ilr.fac1[2,2]   0.463 -1.299  1.109
ilr.fac1[2,3]  -0.005  2.088 -1.042
ilr.fac2[1,1]  -1.271  1.137  2.460
ilr.fac2[1,2]  -0.765 -1.679  1.277
ilr.fac2[1,3]  -1.290  1.757  2.024
ilr.fac2[10,1] -0.794  0.633  2.980
ilr.fac2[10,2] -0.943  0.687  1.993
ilr.fac2[10,3] -0.167  0.986  1.336
ilr.fac2[11,1] -1.596  1.798  2.098
ilr.fac2[11,2]  0.237 -0.907 -0.049
ilr.fac2[11,3] -0.816  1.145  1.795
ilr.fac2[12,1]  0.522  1.934  0.071
ilr.fac2[12,2] -1.057 -0.402  0.284
ilr.fac2[12,3]  1.897 -2.642 -0.969
ilr.fac2[13,1] -1.191 -1.472  2.492
ilr.fac2[13,2]  0.786  0.229 -1.325
ilr.fac2[13,3]  1.766 -0.793 -1.989
ilr.fac2[14,1]  0.479 -2.136 -0.580
ilr.fac2[14,2]  2.197 -0.213 -2.054
ilr.fac2[14,3]  2.439 -1.056 -0.871
ilr.fac2[15,1] -2.004 -0.448  1.599
ilr.fac2[15,2] -0.741 -0.292  1.775
ilr.fac2[15,3] -1.340 -0.046 -0.252
ilr.fac2[2,1]  -0.065 -2.107  0.443
ilr.fac2[2,2]  -0.526 -1.250 -1.143
ilr.fac2[2,3]   1.679 -2.381 -1.494
ilr.fac2[3,1]  -0.103  1.846  2.881
ilr.fac2[3,2]  -0.128  0.792 -0.432
ilr.fac2[3,3]  -1.802 -1.311 -1.273
ilr.fac2[4,1]  -1.564  1.979  1.803
ilr.fac2[4,2]   0.347  1.233  1.298
ilr.fac2[4,3]  -0.443  0.690  0.730
ilr.fac2[5,1]  -0.871  0.925  1.598
ilr.fac2[5,2]  -0.540  0.195  2.095
ilr.fac2[5,3]  -0.521  1.557  0.984
ilr.fac2[6,1]  -0.167  0.301  1.331
ilr.fac2[6,2]  -1.368  2.040  1.000
ilr.fac2[6,3]   1.238 -0.207  0.213
ilr.fac2[7,1]  -1.808 -0.251 -0.504
ilr.fac2[7,2]   0.813  1.909 -2.062
ilr.fac2[7,3]   0.466  0.648 -1.113
ilr.fac2[8,1]  -0.171  1.871  1.525
ilr.fac2[8,2]  -0.193  2.208  0.642
ilr.fac2[8,3]  -1.297  0.653  1.734
ilr.fac2[9,1]  -1.115  1.627  1.373
ilr.fac2[9,2]  -0.439  1.332  1.761
ilr.fac2[9,3]  -2.359 -0.677  2.012
ilr.global[1]   0.663 -0.177  2.280
ilr.global[2]  -1.914  1.168 -0.780
ilr.global[3]   0.175 -0.951 -2.114
loglik[1]      -0.885  1.000 -1.336
loglik[10]     -0.201 -0.021  1.111
loglik[11]     -1.750  0.459  0.138
loglik[12]     -2.001 -1.044 -0.013
loglik[13]     -2.278 -0.783  0.542
loglik[14]      0.407  1.498  0.603
loglik[15]     -1.374  0.862  1.219
loglik[16]     -0.896  3.033  2.553
loglik[17]      1.994 -0.642 -0.957
loglik[2]      -0.390 -1.206  0.388
loglik[3]      -0.443 -0.839  1.150
loglik[4]      -1.115 -0.301 -0.100
loglik[5]      -1.000  2.689  1.852
loglik[6]       1.082 -0.401 -0.119
loglik[7]       0.739  0.874  0.737
loglik[8]      -1.776 -1.154  1.771
loglik[9]      -0.426  0.372  1.028
p.fac1[1,1]    -0.205 -0.720  0.503
p.fac1[1,2]    -1.082  0.417 -1.978
p.fac1[1,3]     1.604 -0.515 -0.368
p.fac1[1,4]    -0.142  0.862  0.606
p.fac1[2,1]     0.122  0.777 -0.847
p.fac1[2,2]    -0.321 -0.679 -1.501
p.fac1[2,3]     0.457  0.269 -0.332
p.fac1[2,4]    -0.247 -0.645  1.797
p.global[1]    -0.205 -0.720  0.503
p.global[2]    -1.082  0.417 -1.978
p.global[3]     1.604 -0.515 -0.368
p.global[4]    -0.142  0.862  0.606
