
################################################################################
# Gelman-Rubin Diagnostic
################################################################################

Generally the Gelman diagnostic should be < 1.05


Out of 85 variables: 0 > 1.01

                      
0 > 1.05

                      
0 > 1.1


The worst variables are:

               Point est. Upper C.I.
loglik[15]       1.009474   1.009787
ilr.global[3]    1.007511   1.014401
loglik[1]        1.004083   1.007625
loglik[19]       1.003852   1.007802
loglik[4]        1.003459   1.006397
loglik[14]       1.003187   1.006890
ilr.fac1[14,3]   1.003001   1.010578
p.global[4]      1.002947   1.006685
loglik[16]       1.002932   1.009225
ilr.global[2]    1.002870   1.003051


And here are the Gelman diagnostics for all variables:

               Point est. Upper C.I.
deviance        1.0015468  1.0046480
ilr.fac1[1,1]         NaN        NaN
ilr.fac1[1,2]         NaN        NaN
ilr.fac1[1,3]         NaN        NaN
ilr.fac1[10,1]  1.0008898  1.0030337
ilr.fac1[10,2]  0.9997078  1.0001188
ilr.fac1[10,3]  1.0013469  1.0047481
ilr.fac1[11,1]  1.0002746  1.0021152
ilr.fac1[11,2]  1.0000737  1.0013172
ilr.fac1[11,3]  1.0015525  1.0062585
ilr.fac1[12,1]  1.0017362  1.0056690
ilr.fac1[12,2]  1.0020881  1.0042552
ilr.fac1[12,3]  1.0000291  1.0011091
ilr.fac1[13,1]  1.0003437  1.0016356
ilr.fac1[13,2]  1.0001503  1.0010194
ilr.fac1[13,3]  1.0004176  1.0017282
ilr.fac1[14,1]  1.0008094  1.0037488
ilr.fac1[14,2]  1.0004466  1.0027401
ilr.fac1[14,3]  1.0030005  1.0105775
ilr.fac1[15,1]  1.0001206  1.0016674
ilr.fac1[15,2]  0.9996403  0.9998892
ilr.fac1[15,3]  1.0001226  1.0016168
ilr.fac1[16,1]  1.0006732  1.0018783
ilr.fac1[16,2]  1.0008262  1.0037153
ilr.fac1[16,3]  1.0006516  1.0007951
ilr.fac1[17,1]  1.0022869  1.0058962
ilr.fac1[17,2]  1.0003534  1.0018951
ilr.fac1[17,3]  0.9996954  0.9998451
ilr.fac1[2,1]   0.9999064  1.0008989
ilr.fac1[2,2]   0.9997360  0.9999240
ilr.fac1[2,3]   1.0001132  1.0007687
ilr.fac1[3,1]   1.0003310  1.0025341
ilr.fac1[3,2]   0.9995714  0.9995843
ilr.fac1[3,3]   1.0007555  1.0009767
ilr.fac1[4,1]   1.0009824  1.0020759
ilr.fac1[4,2]   1.0002352  1.0017869
ilr.fac1[4,3]   1.0003204  1.0021381
ilr.fac1[5,1]   1.0006163  1.0023020
ilr.fac1[5,2]   1.0019141  1.0081346
ilr.fac1[5,3]   1.0012601  1.0050310
ilr.fac1[6,1]   1.0003479  1.0010120
ilr.fac1[6,2]   0.9999022  1.0008047
ilr.fac1[6,3]   0.9999690  1.0001846
ilr.fac1[7,1]   1.0003682  1.0011553
ilr.fac1[7,2]   1.0009452  1.0032121
ilr.fac1[7,3]   1.0012152  1.0035373
ilr.fac1[8,1]   1.0001460  1.0016408
ilr.fac1[8,2]   1.0003603  1.0018537
ilr.fac1[8,3]   0.9999763  1.0000446
ilr.fac1[9,1]   0.9998117  0.9998841
ilr.fac1[9,2]   1.0000861  1.0015056
ilr.fac1[9,3]   1.0001234  1.0005307
ilr.fac2[1,1]         NaN        NaN
ilr.fac2[1,2]         NaN        NaN
ilr.fac2[1,3]         NaN        NaN
ilr.fac2[2,1]   1.0000887  1.0006344
ilr.fac2[2,2]   1.0002086  1.0019111
ilr.fac2[2,3]   1.0004994  1.0031272
ilr.global[1]   1.0007620  1.0030015
ilr.global[2]   1.0028698  1.0030514
ilr.global[3]   1.0075113  1.0144009
loglik[1]       1.0040835  1.0076247
loglik[10]      1.0017552  1.0020859
loglik[11]      1.0004709  1.0021327
loglik[12]      1.0007392  1.0013337
loglik[13]      1.0023636  1.0034970
loglik[14]      1.0031874  1.0068897
loglik[15]      1.0094738  1.0097867
loglik[16]      1.0029318  1.0092246
loglik[17]      1.0005851  1.0009137
loglik[18]      0.9997537  0.9999557
loglik[19]      1.0038523  1.0078021
loglik[2]       1.0010835  1.0037784
loglik[20]      1.0005661  1.0028387
loglik[3]       1.0011707  1.0042685
loglik[4]       1.0034586  1.0063966
loglik[5]       1.0005418  1.0018200
loglik[6]       1.0002727  1.0019524
loglik[7]       1.0001997  1.0002393
loglik[8]       1.0020014  1.0086393
loglik[9]       1.0006120  1.0023859
p.global[1]     1.0024226  1.0064379
p.global[2]     0.9998745  1.0004777
p.global[3]     1.0003975  1.0004034
p.global[4]     1.0029469  1.0066849

################################################################################
# Geweke Diagnostic
################################################################################

The Geweke diagnostic is a standard z-score, so we'd expect 5% to be outside +/-1.96
Number of variables outside +/-1.96 in each chain (out of 
85
):


       Chain 1 Chain 2 Chain 3
Geweke       5       5      10


And here are the Geweke diagnostics for all variables:

               chain1 chain2 chain3
deviance        0.950  0.724 -0.987
ilr.fac1[10,1] -0.637 -2.192  0.943
ilr.fac1[10,2]  1.978  1.334 -0.259
ilr.fac1[10,3]  0.991  0.463  0.447
ilr.fac1[11,1]  0.590 -1.315 -1.668
ilr.fac1[11,2] -0.438 -1.017 -0.546
ilr.fac1[11,3]  0.217  0.662 -0.102
ilr.fac1[12,1] -0.132 -0.270  0.475
ilr.fac1[12,2]  0.122  0.361  0.103
ilr.fac1[12,3]  0.860  0.558 -1.330
ilr.fac1[13,1]  0.350  1.029 -0.744
ilr.fac1[13,2] -0.107 -1.344 -0.975
ilr.fac1[13,3] -1.235 -1.967 -0.869
ilr.fac1[14,1]  0.686 -1.905  1.281
ilr.fac1[14,2] -0.476 -0.052  0.696
ilr.fac1[14,3]  1.071 -0.149  1.179
ilr.fac1[15,1] -0.087  0.327  0.519
ilr.fac1[15,2]  0.566 -0.085 -2.328
ilr.fac1[15,3] -2.091 -1.913 -0.956
ilr.fac1[16,1]  1.065  0.549 -2.855
ilr.fac1[16,2] -0.551 -1.329  0.020
ilr.fac1[16,3]  0.070 -0.895 -0.688
ilr.fac1[17,1]  0.075  0.104 -0.658
ilr.fac1[17,2]  0.055 -1.940 -2.249
ilr.fac1[17,3]  0.735 -0.603  0.731
ilr.fac1[2,1]  -0.785 -1.607  0.023
ilr.fac1[2,2]   1.310  0.521 -1.944
ilr.fac1[2,3]  -1.020 -0.954 -0.446
ilr.fac1[3,1]   1.325  0.319 -1.592
ilr.fac1[3,2]  -0.394 -2.250 -1.416
ilr.fac1[3,3]   1.605  0.419 -0.597
ilr.fac1[4,1]   0.372  1.165 -0.594
ilr.fac1[4,2]  -0.384  1.571 -1.841
ilr.fac1[4,3]   0.471 -0.375 -0.554
ilr.fac1[5,1]   0.765  0.037  0.316
ilr.fac1[5,2]   1.154 -1.958 -2.135
ilr.fac1[5,3]   0.094  0.862  1.415
ilr.fac1[6,1]   0.305 -0.740  0.697
ilr.fac1[6,2]  -0.093  0.112  0.926
ilr.fac1[6,3]   0.803  0.537 -0.515
ilr.fac1[7,1]   0.760 -0.964  0.371
ilr.fac1[7,2]   0.082  0.464 -2.265
ilr.fac1[7,3]   0.953 -1.527 -0.103
ilr.fac1[8,1]  -0.485 -0.432 -0.766
ilr.fac1[8,2]  -0.546  0.173 -0.663
ilr.fac1[8,3]   2.487 -0.094  0.869
ilr.fac1[9,1]   0.206  0.836 -1.272
ilr.fac1[9,2]   1.290  0.262 -0.549
ilr.fac1[9,3]   1.772  0.024  0.498
ilr.fac2[2,1]   0.462  0.584 -0.870
ilr.fac2[2,2]  -1.557 -0.057 -2.116
ilr.fac2[2,3]   0.858  3.123  1.358
ilr.global[1]   0.022  0.420 -1.666
ilr.global[2]   0.931  0.617  2.647
ilr.global[3]   0.477 -0.735 -2.746
loglik[1]      -2.161 -0.754 -0.166
loglik[10]      0.711 -0.356 -0.062
loglik[11]      0.207  0.395  0.467
loglik[12]     -1.674 -0.956  1.033
loglik[13]      2.060  2.513 -0.147
loglik[14]     -1.299 -0.851  0.246
loglik[15]      0.338 -1.075 -0.677
loglik[16]      1.699 -0.043  1.167
loglik[17]     -0.379 -0.798  0.477
loglik[18]     -0.566 -1.381 -0.518
loglik[19]     -0.304 -0.081  0.474
loglik[2]      -1.007  1.525  2.684
loglik[20]     -0.250  0.194 -1.057
loglik[3]      -1.488  0.048  0.066
loglik[4]      -1.593 -0.236  0.497
loglik[5]       1.159 -1.447  0.125
loglik[6]      -0.709  0.594  0.442
loglik[7]      -0.836 -1.374  0.798
loglik[8]       0.014 -0.603  1.443
loglik[9]      -1.277  1.464 -0.168
p.global[1]     1.369  0.143 -0.910
p.global[2]     0.622 -1.357 -0.479
p.global[3]    -0.291 -0.648 -3.848
p.global[4]    -1.204  0.216  1.536
