
################################################################################
# Gelman-Rubin Diagnostic
################################################################################

Generally the Gelman diagnostic should be < 1.05


Out of 61 variables: 0 > 1.01

                      
0 > 1.05

                      
0 > 1.1


The worst variables are:

               Point est. Upper C.I.
p.global[4]      1.005185   1.011301
ilr.global[3]    1.003285   1.008854
ilr.global[1]    1.002670   1.007857
loglik[6]        1.001937   1.005812
loglik[11]       1.001925   1.004168
ilr.fac1[4,1]    1.001847   1.006676
ilr.fac1[6,2]    1.001837   1.007331
loglik[13]       1.001799   1.007341
ilr.fac1[8,3]    1.001613   1.005622
ilr.fac1[11,3]   1.001467   1.002663


And here are the Gelman diagnostics for all variables:

               Point est. Upper C.I.
deviance        1.0004405  1.0020095
ilr.fac1[1,1]         NaN        NaN
ilr.fac1[1,2]         NaN        NaN
ilr.fac1[1,3]         NaN        NaN
ilr.fac1[10,1]  0.9998494  1.0002187
ilr.fac1[10,2]  0.9996415  0.9998747
ilr.fac1[10,3]  1.0005472  1.0026268
ilr.fac1[11,1]  0.9999975  1.0008533
ilr.fac1[11,2]  1.0000893  1.0013844
ilr.fac1[11,3]  1.0014673  1.0026631
ilr.fac1[2,1]   1.0006518  1.0025960
ilr.fac1[2,2]   1.0000600  1.0015073
ilr.fac1[2,3]   1.0002112  1.0002722
ilr.fac1[3,1]   1.0008323  1.0041742
ilr.fac1[3,2]   0.9995321  0.9995731
ilr.fac1[3,3]   1.0012895  1.0048540
ilr.fac1[4,1]   1.0018468  1.0066758
ilr.fac1[4,2]   1.0011349  1.0052629
ilr.fac1[4,3]   1.0005643  1.0022248
ilr.fac1[5,1]   1.0000852  1.0015811
ilr.fac1[5,2]   0.9996003  0.9998513
ilr.fac1[5,3]   1.0000014  1.0000869
ilr.fac1[6,1]   1.0000337  1.0012169
ilr.fac1[6,2]   1.0018374  1.0073308
ilr.fac1[6,3]   1.0000427  1.0006144
ilr.fac1[7,1]   1.0013065  1.0051972
ilr.fac1[7,2]   1.0005176  1.0029524
ilr.fac1[7,3]   0.9996151  0.9997590
ilr.fac1[8,1]   1.0004843  1.0012144
ilr.fac1[8,2]   0.9995896  0.9997438
ilr.fac1[8,3]   1.0016129  1.0056218
ilr.fac1[9,1]   1.0000221  1.0010862
ilr.fac1[9,2]   0.9998722  1.0000123
ilr.fac1[9,3]   1.0008689  1.0045021
ilr.fac2[1,1]         NaN        NaN
ilr.fac2[1,2]         NaN        NaN
ilr.fac2[1,3]         NaN        NaN
ilr.fac2[2,1]   1.0000399  1.0004825
ilr.fac2[2,2]   0.9997992  1.0004637
ilr.fac2[2,3]   1.0002879  1.0022996
ilr.global[1]   1.0026695  1.0078566
ilr.global[2]   1.0005065  1.0022607
ilr.global[3]   1.0032850  1.0088544
loglik[1]       1.0005048  1.0014226
loglik[10]      1.0003485  1.0007087
loglik[11]      1.0019250  1.0041678
loglik[12]      1.0000882  1.0015985
loglik[13]      1.0017987  1.0073410
loglik[14]      0.9998691  1.0001867
loglik[2]       1.0001968  1.0017904
loglik[3]       1.0010232  1.0018350
loglik[4]       1.0000659  1.0003748
loglik[5]       1.0000280  1.0002683
loglik[6]       1.0019370  1.0058116
loglik[7]       0.9998752  1.0008564
loglik[8]       1.0001318  1.0009583
loglik[9]       0.9999144  1.0002436
p.global[1]     0.9997594  1.0001061
p.global[2]     1.0010615  1.0039073
p.global[3]     1.0003801  1.0010573
p.global[4]     1.0051855  1.0113015

################################################################################
# Geweke Diagnostic
################################################################################

The Geweke diagnostic is a standard z-score, so we'd expect 5% to be outside +/-1.96
Number of variables outside +/-1.96 in each chain (out of 
61
):


       Chain 1 Chain 2 Chain 3
Geweke       3       3       1


And here are the Geweke diagnostics for all variables:

               chain1 chain2 chain3
deviance        0.070 -0.218  0.034
ilr.fac1[10,1] -1.087  0.024 -0.722
ilr.fac1[10,2] -1.451  0.211  0.351
ilr.fac1[10,3]  0.842 -3.068  0.285
ilr.fac1[11,1] -0.321  1.417  0.023
ilr.fac1[11,2] -1.033  0.205 -1.159
ilr.fac1[11,3]  1.654 -0.581  1.924
ilr.fac1[2,1]  -2.051  0.661  0.130
ilr.fac1[2,2]   1.164  0.493 -0.533
ilr.fac1[2,3]  -0.862  1.511 -0.938
ilr.fac1[3,1]  -0.253  0.586 -1.490
ilr.fac1[3,2]  -0.883  0.497  1.372
ilr.fac1[3,3]   0.222  1.756 -1.776
ilr.fac1[4,1]  -1.179 -0.046  0.200
ilr.fac1[4,2]   0.613 -1.175 -2.990
ilr.fac1[4,3]  -0.719  1.866  1.010
ilr.fac1[5,1]   1.360 -0.486 -1.715
ilr.fac1[5,2]  -0.152  1.033 -0.955
ilr.fac1[5,3]  -0.586  0.652  1.250
ilr.fac1[6,1]   1.692  0.285 -0.066
ilr.fac1[6,2]  -0.139  1.729  1.535
ilr.fac1[6,3]   0.191  1.504 -0.851
ilr.fac1[7,1]   1.883 -2.064  0.424
ilr.fac1[7,2]  -0.406  0.214  0.283
ilr.fac1[7,3]  -1.196  0.502 -1.092
ilr.fac1[8,1]   1.075 -0.016 -0.071
ilr.fac1[8,2]  -0.088  0.494  1.392
ilr.fac1[8,3]  -0.214  0.068 -0.226
ilr.fac1[9,1]   1.883 -0.283 -0.561
ilr.fac1[9,2]   0.249 -0.529 -0.823
ilr.fac1[9,3]   0.218  0.732  0.373
ilr.fac2[2,1]  -0.023  0.227 -1.669
ilr.fac2[2,2]   0.590  0.361 -0.151
ilr.fac2[2,3]   1.914  1.016  0.760
ilr.global[1]  -0.574  0.864  0.363
ilr.global[2]  -0.257  0.230  0.209
ilr.global[3]  -1.117 -1.500 -0.480
loglik[1]      -0.594 -0.303  1.080
loglik[10]     -1.403  0.575 -0.878
loglik[11]     -0.213 -0.615 -0.332
loglik[12]     -2.817  2.006 -0.092
loglik[13]     -0.476 -1.200 -1.637
loglik[14]     -0.853  0.609 -0.536
loglik[2]       0.124  0.257 -0.464
loglik[3]      -0.024  0.565  1.374
loglik[4]       1.501 -0.816  1.258
loglik[5]       0.412  1.198 -0.658
loglik[6]      -0.552  0.490  0.304
loglik[7]       1.064  0.384 -0.658
loglik[8]      -0.396 -0.372 -0.421
loglik[9]       2.221 -0.375  0.690
p.global[1]    -0.470  0.324  0.757
p.global[2]    -0.230 -0.084 -0.956
p.global[3]     0.335 -0.766 -0.071
p.global[4]     1.693  0.864  0.234
