
################################################################################
# Gelman-Rubin Diagnostic
################################################################################

Generally the Gelman diagnostic should be < 1.05


Out of 111 variables: 0 > 1.01

                      
0 > 1.05

                      
0 > 1.1


The worst variables are:

               Point est. Upper C.I.
loglik[12]       1.003923   1.005084
ilr.fac2[19,3]   1.003656   1.007517
ilr.fac2[4,3]    1.003351   1.009383
ilr.fac2[11,3]   1.002958   1.007286
ilr.fac2[13,2]   1.002824   1.006510
ilr.fac2[16,2]   1.002286   1.009097
ilr.fac2[17,2]   1.002025   1.003960
ilr.fac2[6,3]    1.001961   1.007612
ilr.fac1[2,1]    1.001753   1.004760
loglik[5]        1.001488   1.002991


And here are the Gelman diagnostics for all variables:

               Point est. Upper C.I.
deviance        1.0002302  1.0004864
fac2.sig        1.0000293  1.0011939
ilr.fac1[1,1]         NaN        NaN
ilr.fac1[1,2]         NaN        NaN
ilr.fac1[1,3]         NaN        NaN
ilr.fac1[2,1]   1.0017531  1.0047605
ilr.fac1[2,2]   1.0003883  1.0014720
ilr.fac1[2,3]   1.0000160  1.0003731
ilr.fac2[1,1]   1.0005089  1.0006242
ilr.fac2[1,2]   1.0003811  1.0011881
ilr.fac2[1,3]   1.0003943  1.0017511
ilr.fac2[10,1]  1.0005151  1.0015046
ilr.fac2[10,2]  1.0005672  1.0010163
ilr.fac2[10,3]  1.0011483  1.0026297
ilr.fac2[11,1]  0.9998086  1.0000794
ilr.fac2[11,2]  0.9999935  1.0001485
ilr.fac2[11,3]  1.0029579  1.0072861
ilr.fac2[12,1]  1.0000450  1.0006174
ilr.fac2[12,2]  1.0014082  1.0064946
ilr.fac2[12,3]  0.9996729  0.9999647
ilr.fac2[13,1]  0.9999614  1.0003697
ilr.fac2[13,2]  1.0028238  1.0065100
ilr.fac2[13,3]  1.0001764  1.0002039
ilr.fac2[14,1]  1.0003545  1.0015556
ilr.fac2[14,2]  0.9998699  1.0006636
ilr.fac2[14,3]  1.0013936  1.0018068
ilr.fac2[15,1]  1.0008316  1.0029688
ilr.fac2[15,2]  1.0010087  1.0014600
ilr.fac2[15,3]  1.0002562  1.0004833
ilr.fac2[16,1]  1.0010547  1.0033360
ilr.fac2[16,2]  1.0022864  1.0090969
ilr.fac2[16,3]  1.0013251  1.0060392
ilr.fac2[17,1]  1.0008504  1.0018417
ilr.fac2[17,2]  1.0020249  1.0039605
ilr.fac2[17,3]  1.0014867  1.0023039
ilr.fac2[18,1]  1.0009703  1.0045567
ilr.fac2[18,2]  1.0005617  1.0018714
ilr.fac2[18,3]  1.0005769  1.0018987
ilr.fac2[19,1]  1.0010917  1.0023271
ilr.fac2[19,2]  1.0010761  1.0051773
ilr.fac2[19,3]  1.0036562  1.0075172
ilr.fac2[2,1]   1.0010866  1.0022658
ilr.fac2[2,2]   0.9996976  0.9997874
ilr.fac2[2,3]   1.0005352  1.0021395
ilr.fac2[20,1]  1.0008692  1.0023389
ilr.fac2[20,2]  1.0006603  1.0031297
ilr.fac2[20,3]  1.0003672  1.0017167
ilr.fac2[21,1]  1.0009594  1.0023947
ilr.fac2[21,2]  1.0005766  1.0007709
ilr.fac2[21,3]  1.0013854  1.0048484
ilr.fac2[3,1]   1.0002146  1.0005235
ilr.fac2[3,2]   1.0003538  1.0021116
ilr.fac2[3,3]   1.0004097  1.0025429
ilr.fac2[4,1]   1.0014398  1.0016945
ilr.fac2[4,2]   0.9999234  1.0002053
ilr.fac2[4,3]   1.0033515  1.0093830
ilr.fac2[5,1]   1.0005059  1.0008616
ilr.fac2[5,2]   1.0004464  1.0022696
ilr.fac2[5,3]   1.0009869  1.0010092
ilr.fac2[6,1]   0.9996368  0.9999496
ilr.fac2[6,2]   0.9999118  1.0005771
ilr.fac2[6,3]   1.0019608  1.0076116
ilr.fac2[7,1]   1.0013894  1.0035842
ilr.fac2[7,2]   1.0007930  1.0040224
ilr.fac2[7,3]   1.0009707  1.0039243
ilr.fac2[8,1]   0.9999100  1.0003933
ilr.fac2[8,2]   1.0005637  1.0022523
ilr.fac2[8,3]   1.0000361  1.0013568
ilr.fac2[9,1]   1.0003255  1.0021229
ilr.fac2[9,2]   0.9997177  1.0001991
ilr.fac2[9,3]   1.0000712  1.0010809
ilr.global[1]   1.0008227  1.0036919
ilr.global[2]   1.0002125  1.0012116
ilr.global[3]   1.0006405  1.0020731
loglik[1]       1.0001163  1.0008096
loglik[10]      1.0010241  1.0027684
loglik[11]      1.0008988  1.0019227
loglik[12]      1.0039228  1.0050843
loglik[13]      1.0005905  1.0007217
loglik[14]      0.9998395  0.9999753
loglik[15]      0.9999611  1.0009382
loglik[16]      1.0004320  1.0014525
loglik[17]      1.0006335  1.0033684
loglik[18]      1.0012245  1.0025688
loglik[19]      1.0004132  1.0023499
loglik[2]       1.0006087  1.0030995
loglik[20]      1.0001528  1.0003445
loglik[21]      1.0010790  1.0014655
loglik[22]      1.0001165  1.0016012
loglik[23]      1.0006334  1.0027775
loglik[3]       1.0005901  1.0033867
loglik[4]       1.0003298  1.0024546
loglik[5]       1.0014884  1.0029914
loglik[6]       1.0002448  1.0005837
loglik[7]       0.9995793  0.9995813
loglik[8]       1.0009520  1.0046393
loglik[9]       1.0008410  1.0034116
p.fac1[1,1]     1.0002346  1.0011929
p.fac1[1,2]     1.0012725  1.0039617
p.fac1[1,3]     1.0011990  1.0051899
p.fac1[1,4]     1.0004433  1.0021663
p.fac1[2,1]     0.9996493  0.9997199
p.fac1[2,2]     0.9997504  0.9999226
p.fac1[2,3]     1.0002584  1.0015023
p.fac1[2,4]     0.9999002  1.0008279
p.global[1]     1.0002346  1.0011929
p.global[2]     1.0012725  1.0039617
p.global[3]     1.0011990  1.0051899
p.global[4]     1.0004433  1.0021663
resid.prop[1]   1.0011192  1.0013092
resid.prop[2]   1.0009119  1.0021306

################################################################################
# Geweke Diagnostic
################################################################################

The Geweke diagnostic is a standard z-score, so we'd expect 5% to be outside +/-1.96
Number of variables outside +/-1.96 in each chain (out of 
111
):


       Chain 1 Chain 2 Chain 3
Geweke       9       5       2


And here are the Geweke diagnostics for all variables:

               chain1 chain2 chain3
deviance       -1.238  0.627 -0.399
fac2.sig        1.431  0.342  0.040
ilr.fac1[2,1]  -0.170 -0.094  0.124
ilr.fac1[2,2]   0.380  0.975  0.530
ilr.fac1[2,3]   1.141  0.943  0.778
ilr.fac2[1,1]   1.834 -0.106  0.918
ilr.fac2[1,2]  -4.396 -1.041  1.338
ilr.fac2[1,3]  -0.247 -1.313 -0.088
ilr.fac2[10,1]  1.173  0.706  0.219
ilr.fac2[10,2] -0.477  1.159  1.004
ilr.fac2[10,3] -1.967  2.326  1.393
ilr.fac2[11,1] -0.398  0.767 -0.847
ilr.fac2[11,2] -1.188 -0.785 -0.516
ilr.fac2[11,3] -0.232 -2.618  0.232
ilr.fac2[12,1] -0.034 -1.677  0.348
ilr.fac2[12,2] -1.136 -2.008  0.164
ilr.fac2[12,3] -0.331 -2.106  0.347
ilr.fac2[13,1] -1.340  0.470  1.267
ilr.fac2[13,2]  1.045  0.955  0.585
ilr.fac2[13,3] -0.257  2.064  0.442
ilr.fac2[14,1]  0.277 -0.605 -0.242
ilr.fac2[14,2] -0.412 -1.149  1.105
ilr.fac2[14,3]  0.970 -0.383  0.695
ilr.fac2[15,1] -0.947  0.323  0.057
ilr.fac2[15,2]  1.342  1.249  0.656
ilr.fac2[15,3] -0.846  1.167 -0.688
ilr.fac2[16,1]  1.695 -0.117  0.456
ilr.fac2[16,2] -2.264 -0.150 -1.229
ilr.fac2[16,3] -0.595  0.555  0.428
ilr.fac2[17,1] -0.331  0.587  1.348
ilr.fac2[17,2]  1.799 -1.460 -0.473
ilr.fac2[17,3] -1.022 -0.872  0.758
ilr.fac2[18,1] -0.143 -1.269  0.213
ilr.fac2[18,2]  0.494 -1.753 -1.871
ilr.fac2[18,3]  3.112  0.601  2.036
ilr.fac2[19,1]  0.542 -0.802 -0.793
ilr.fac2[19,2]  1.258 -0.074  0.306
ilr.fac2[19,3]  0.993  1.678 -0.214
ilr.fac2[2,1]  -2.273  0.519 -0.133
ilr.fac2[2,2]  -0.289 -0.683 -0.941
ilr.fac2[2,3]  -0.213  0.000  0.460
ilr.fac2[20,1]  0.141  0.566  1.119
ilr.fac2[20,2]  0.094 -0.051 -0.640
ilr.fac2[20,3]  0.689  0.959  0.555
ilr.fac2[21,1] -1.102 -0.497  0.781
ilr.fac2[21,2] -0.883  0.091 -1.360
ilr.fac2[21,3] -2.379 -0.133  1.413
ilr.fac2[3,1]   0.494 -0.993  1.782
ilr.fac2[3,2]  -0.413  0.537  0.201
ilr.fac2[3,3]  -0.944  0.398  1.574
ilr.fac2[4,1]   0.684  0.100  0.201
ilr.fac2[4,2]   0.669 -0.377 -1.430
ilr.fac2[4,3]   0.203 -1.723 -1.602
ilr.fac2[5,1]  -0.834 -0.109  1.010
ilr.fac2[5,2]  -0.231  1.008 -0.058
ilr.fac2[5,3]  -1.019  0.503 -0.191
ilr.fac2[6,1]   0.473 -0.825 -0.307
ilr.fac2[6,2]   0.304  0.800  0.109
ilr.fac2[6,3]   1.244  0.201  0.167
ilr.fac2[7,1]   0.833 -1.371 -2.443
ilr.fac2[7,2]  -1.252 -0.869 -0.026
ilr.fac2[7,3]  -1.967 -1.180 -0.398
ilr.fac2[8,1]  -0.556 -0.608  0.057
ilr.fac2[8,2]  -0.595 -0.575  0.124
ilr.fac2[8,3]   1.333  1.490  1.703
ilr.fac2[9,1]   0.535 -0.482 -0.855
ilr.fac2[9,2]   1.382 -0.408  0.914
ilr.fac2[9,3]   0.648 -1.295 -0.582
ilr.global[1]  -0.081 -1.385 -1.049
ilr.global[2]  -0.085 -0.534  0.553
ilr.global[3]  -0.979  0.455  0.163
loglik[1]       0.674 -0.976  0.537
loglik[10]      0.982 -0.003 -0.652
loglik[11]      0.990 -0.324 -0.017
loglik[12]      0.417  0.225 -1.112
loglik[13]      0.406 -1.265  0.464
loglik[14]      1.211  0.301  0.363
loglik[15]     -0.040  0.721  1.064
loglik[16]      0.623  0.018  0.427
loglik[17]      0.772 -0.929  0.225
loglik[18]      0.644  0.220  0.328
loglik[19]      0.694 -0.618  0.472
loglik[2]      -0.168 -0.969  0.991
loglik[20]      0.480  0.055 -1.003
loglik[21]     -0.891  0.491 -0.932
loglik[22]      0.433  0.010  0.288
loglik[23]      1.662  0.109 -0.552
loglik[3]       1.080 -0.716  1.351
loglik[4]      -0.072 -0.450  0.966
loglik[5]       2.266 -0.224  0.738
loglik[6]      -0.486 -0.532  0.603
loglik[7]       2.423 -1.428 -0.249
loglik[8]       0.108 -1.082  1.619
loglik[9]      -1.180  0.843 -0.688
p.fac1[1,1]    -0.162 -0.972 -0.810
p.fac1[1,2]     0.123  0.813  0.907
p.fac1[1,3]    -0.399  0.856  0.446
p.fac1[1,4]     0.460  0.246  0.368
p.fac1[2,1]    -0.043 -0.588 -0.204
p.fac1[2,2]     0.547  0.860  1.123
p.fac1[2,3]    -0.017  0.986  0.564
p.fac1[2,4]    -0.081 -0.529 -0.444
p.global[1]    -0.162 -0.972 -0.810
p.global[2]     0.123  0.813  0.907
p.global[3]    -0.399  0.856  0.446
p.global[4]     0.460  0.246  0.368
resid.prop[1]  -0.710  0.658 -0.404
resid.prop[2]  -0.941  0.553  0.929
