
#################################################################
# Summary Statistics
#################################################################

DIC = 431.5538

                                   Mean    SD  2.5%    5%   25%   50%   75%   95% 97.5%
p.dry19.TS10.Epiphytic microalgae 0.313 0.079 0.164 0.187 0.262 0.311 0.362 0.445 0.477
p.dry19.TS10.Red Mangrove         0.033 0.021 0.005 0.006 0.017 0.030 0.045 0.073 0.084
p.dry19.TS10.Seagrass             0.582 0.077 0.415 0.450 0.536 0.584 0.632 0.703 0.725
p.dry19.TS10.SPOM                 0.072 0.056 0.004 0.006 0.028 0.060 0.102 0.180 0.205
p.dry19.TS11.Epiphytic microalgae 0.689 0.105 0.476 0.516 0.619 0.692 0.763 0.860 0.886
p.dry19.TS11.Red Mangrove         0.012 0.012 0.001 0.001 0.004 0.008 0.016 0.035 0.044
p.dry19.TS11.Seagrass             0.253 0.098 0.077 0.099 0.183 0.249 0.318 0.420 0.455
p.dry19.TS11.SPOM                 0.046 0.058 0.001 0.002 0.008 0.024 0.059 0.164 0.212
p.dry19.TS7.Epiphytic microalgae  0.632 0.114 0.350 0.432 0.579 0.645 0.707 0.785 0.810
p.dry19.TS7.Red Mangrove          0.131 0.069 0.004 0.010 0.083 0.133 0.181 0.245 0.263
p.dry19.TS7.Seagrass              0.089 0.050 0.019 0.025 0.051 0.080 0.115 0.185 0.210
p.dry19.TS7.SPOM                  0.147 0.158 0.002 0.004 0.030 0.092 0.215 0.471 0.566
p.dry19.TS9.Epiphytic microalgae  0.836 0.088 0.631 0.675 0.782 0.851 0.904 0.953 0.964
p.dry19.TS9.Red Mangrove          0.016 0.016 0.001 0.001 0.004 0.010 0.021 0.047 0.060
p.dry19.TS9.Seagrass              0.095 0.060 0.016 0.021 0.049 0.083 0.128 0.213 0.242
p.dry19.TS9.SPOM                  0.053 0.067 0.001 0.002 0.009 0.026 0.070 0.196 0.241
p.wet19.TS10.Epiphytic microalgae 0.212 0.050 0.125 0.135 0.177 0.209 0.243 0.300 0.316
p.wet19.TS10.Red Mangrove         0.064 0.034 0.003 0.007 0.040 0.063 0.087 0.122 0.135
p.wet19.TS10.Seagrass             0.675 0.055 0.564 0.581 0.640 0.677 0.712 0.762 0.780
p.wet19.TS10.SPOM                 0.049 0.048 0.002 0.003 0.014 0.032 0.070 0.152 0.181
p.wet19.TS11.Epiphytic microalgae 0.591 0.084 0.427 0.453 0.533 0.592 0.646 0.727 0.755
p.wet19.TS11.Red Mangrove         0.026 0.021 0.002 0.003 0.011 0.020 0.036 0.069 0.081
p.wet19.TS11.Seagrass             0.353 0.088 0.181 0.208 0.292 0.355 0.412 0.498 0.522
p.wet19.TS11.SPOM                 0.030 0.033 0.001 0.001 0.007 0.018 0.040 0.096 0.118
p.wet19.TS7.Epiphytic microalgae  0.467 0.101 0.173 0.244 0.434 0.484 0.529 0.588 0.608
p.wet19.TS7.Red Mangrove          0.290 0.115 0.002 0.005 0.266 0.320 0.363 0.417 0.433
p.wet19.TS7.Seagrass              0.106 0.049 0.025 0.034 0.069 0.103 0.136 0.193 0.212
p.wet19.TS7.SPOM                  0.137 0.208 0.001 0.002 0.015 0.048 0.135 0.674 0.761
p.wet19.TS9.Epiphytic microalgae  0.777 0.085 0.603 0.630 0.721 0.779 0.838 0.911 0.928
p.wet19.TS9.Red Mangrove          0.039 0.034 0.001 0.003 0.012 0.029 0.055 0.108 0.127
p.wet19.TS9.Seagrass              0.142 0.073 0.030 0.041 0.087 0.132 0.188 0.275 0.304
p.wet19.TS9.SPOM                  0.043 0.056 0.001 0.001 0.007 0.022 0.056 0.156 0.210
