
################################################################################
# Gelman-Rubin Diagnostic
################################################################################

Generally the Gelman diagnostic should be < 1.05


Out of 63 variables: 0 > 1.01

                      
0 > 1.05

                      
0 > 1.1


The worst variables are:

              Point est. Upper C.I.
ilr.global[3]   1.009344   1.024380
ilr.global[2]   1.005965   1.009371
ilr.fac1[3,3]   1.004166   1.013539
loglik[8]       1.003749   1.011129
ilr.global[1]   1.003233   1.009042
p.global[4]     1.002149   1.008783
ilr.fac1[7,3]   1.002092   1.006225
p.global[1]     1.002033   1.006797
ilr.fac2[2,1]   1.001642   1.006785
p.global[2]     1.001479   1.005198


And here are the Gelman diagnostics for all variables:

               Point est. Upper C.I.
deviance        0.9996958  0.9998718
ilr.fac1[1,1]         NaN        NaN
ilr.fac1[1,2]         NaN        NaN
ilr.fac1[1,3]         NaN        NaN
ilr.fac1[10,1]  1.0003192  1.0003542
ilr.fac1[10,2]  1.0001044  1.0011822
ilr.fac1[10,3]  1.0002112  1.0015179
ilr.fac1[11,1]  1.0002838  1.0018774
ilr.fac1[11,2]  1.0008292  1.0036977
ilr.fac1[11,3]  0.9997781  1.0001356
ilr.fac1[12,1]  1.0002868  1.0014797
ilr.fac1[12,2]  1.0005137  1.0027088
ilr.fac1[12,3]  1.0006994  1.0035121
ilr.fac1[2,1]   1.0007652  1.0027655
ilr.fac1[2,2]   1.0001365  1.0012817
ilr.fac1[2,3]   1.0002305  1.0006464
ilr.fac1[3,1]   1.0009233  1.0037361
ilr.fac1[3,2]   1.0010669  1.0027504
ilr.fac1[3,3]   1.0041663  1.0135391
ilr.fac1[4,1]   0.9996422  0.9998163
ilr.fac1[4,2]   1.0004706  1.0011303
ilr.fac1[4,3]   1.0007275  1.0033691
ilr.fac1[5,1]   0.9998660  1.0005906
ilr.fac1[5,2]   1.0007872  1.0040861
ilr.fac1[5,3]   1.0008355  1.0038505
ilr.fac1[6,1]   0.9999979  1.0011801
ilr.fac1[6,2]   1.0000633  1.0010386
ilr.fac1[6,3]   1.0010136  1.0041742
ilr.fac1[7,1]   1.0008277  1.0039799
ilr.fac1[7,2]   0.9999167  1.0004295
ilr.fac1[7,3]   1.0020922  1.0062248
ilr.fac1[8,1]   0.9996933  1.0000845
ilr.fac1[8,2]   1.0003438  1.0017191
ilr.fac1[8,3]   0.9998068  1.0006263
ilr.fac1[9,1]   1.0014243  1.0061409
ilr.fac1[9,2]   0.9999266  1.0010522
ilr.fac1[9,3]   1.0005771  1.0033484
ilr.fac2[1,1]         NaN        NaN
ilr.fac2[1,2]         NaN        NaN
ilr.fac2[1,3]         NaN        NaN
ilr.fac2[2,1]   1.0016416  1.0067854
ilr.fac2[2,2]   0.9997795  0.9998081
ilr.fac2[2,3]   1.0003566  1.0012843
ilr.global[1]   1.0032327  1.0090416
ilr.global[2]   1.0059646  1.0093714
ilr.global[3]   1.0093442  1.0243799
loglik[1]       0.9999853  1.0002392
loglik[10]      1.0001305  1.0006382
loglik[11]      0.9998101  1.0002244
loglik[12]      1.0008366  1.0014152
loglik[13]      1.0001252  1.0004453
loglik[2]       0.9997793  1.0001389
loglik[3]       1.0009511  1.0014523
loglik[4]       1.0003970  1.0024649
loglik[5]       1.0002686  1.0016200
loglik[6]       1.0008973  1.0015223
loglik[7]       1.0001271  1.0010779
loglik[8]       1.0037489  1.0111295
loglik[9]       1.0010182  1.0021448
p.global[1]     1.0020333  1.0067967
p.global[2]     1.0014792  1.0051981
p.global[3]     1.0014083  1.0036721
p.global[4]     1.0021489  1.0087830

################################################################################
# Geweke Diagnostic
################################################################################

The Geweke diagnostic is a standard z-score, so we'd expect 5% to be outside +/-1.96
Number of variables outside +/-1.96 in each chain (out of 
63
):


       Chain 1 Chain 2 Chain 3
Geweke       9       5       1


And here are the Geweke diagnostics for all variables:

               chain1 chain2 chain3
deviance        3.092 -0.387 -1.657
ilr.fac1[10,1] -1.587 -0.987 -0.595
ilr.fac1[10,2] -0.271  0.592  0.782
ilr.fac1[10,3] -0.178 -0.254 -0.175
ilr.fac1[11,1] -1.503  0.185  0.858
ilr.fac1[11,2] -2.160  0.214  0.700
ilr.fac1[11,3] -0.952  1.357  0.485
ilr.fac1[12,1] -0.533  2.570 -0.020
ilr.fac1[12,2]  0.558 -0.197  0.952
ilr.fac1[12,3]  0.263 -2.070 -0.246
ilr.fac1[2,1]   1.341  0.245  0.460
ilr.fac1[2,2]   0.875  0.347  0.324
ilr.fac1[2,3]  -0.195  1.551  1.159
ilr.fac1[3,1]  -0.701  1.726  0.321
ilr.fac1[3,2]  -0.130  1.227 -0.032
ilr.fac1[3,3]   0.552  0.629  0.426
ilr.fac1[4,1]  -0.711  0.171  0.481
ilr.fac1[4,2]  -0.201 -0.036  0.070
ilr.fac1[4,3]   1.479 -0.219  0.403
ilr.fac1[5,1]   0.463  0.620 -0.378
ilr.fac1[5,2]  -0.149  0.247 -1.467
ilr.fac1[5,3]   1.081 -0.577  0.808
ilr.fac1[6,1]  -0.105  1.551 -0.028
ilr.fac1[6,2]  -2.708  0.887  0.715
ilr.fac1[6,3]  -0.341  0.381 -1.519
ilr.fac1[7,1]  -0.893  0.678  1.278
ilr.fac1[7,2]  -0.197  2.618 -0.700
ilr.fac1[7,3]  -1.713 -1.116  0.873
ilr.fac1[8,1]  -1.930  1.873  0.608
ilr.fac1[8,2]   1.382 -1.775  0.208
ilr.fac1[8,3]   2.404 -0.036  0.029
ilr.fac1[9,1]  -0.740  1.266  0.237
ilr.fac1[9,2]   0.764  1.276 -0.357
ilr.fac1[9,3]   0.250  0.169  0.476
ilr.fac2[2,1]  -2.829  0.588  0.062
ilr.fac2[2,2]   0.902 -0.677  0.163
ilr.fac2[2,3]  -1.223 -1.596 -1.885
ilr.global[1]   1.450 -0.695 -1.245
ilr.global[2]   2.032 -1.210 -0.365
ilr.global[3]   0.619  0.650  0.157
loglik[1]      -2.011  0.626  0.650
loglik[10]     -0.933  0.385  1.492
loglik[11]     -1.008 -2.078  0.137
loglik[12]     -1.571 -1.247 -0.565
loglik[13]     -0.719  0.864  0.529
loglik[2]       0.397  0.160 -0.941
loglik[3]      -0.090  1.001  1.061
loglik[4]      -2.719 -1.184  2.016
loglik[5]      -0.630  0.643  0.009
loglik[6]      -2.461 -0.293  0.430
loglik[7]      -1.361  2.319  1.376
loglik[8]       0.621 -1.132 -0.531
loglik[9]      -0.703  1.007  0.983
p.global[1]     1.434 -0.858 -0.557
p.global[2]    -1.105  0.759  1.079
p.global[3]    -1.922  1.038  1.041
p.global[4]    -0.154 -0.176 -0.537
