
################################################################################
# Gelman-Rubin Diagnostic
################################################################################

Generally the Gelman diagnostic should be < 1.05


Out of 76 variables: 0 > 1.01

                      
0 > 1.05

                      
0 > 1.1


The worst variables are:

               Point est. Upper C.I.
ilr.global[1]    1.005485   1.016399
p.global[2]      1.005239   1.018586
ilr.global[3]    1.003937   1.013789
loglik[18]       1.002635   1.002820
ilr.fac1[14,3]   1.002291   1.006207
p.global[1]      1.001855   1.008086
ilr.fac1[13,1]   1.001590   1.005646
loglik[3]        1.001586   1.006465
p.global[4]      1.001459   1.005823
loglik[4]        1.001345   1.005471


And here are the Gelman diagnostics for all variables:

               Point est. Upper C.I.
deviance        0.9996411  0.9997472
ilr.fac1[1,1]         NaN        NaN
ilr.fac1[1,2]         NaN        NaN
ilr.fac1[1,3]         NaN        NaN
ilr.fac1[10,1]  1.0002196  1.0006197
ilr.fac1[10,2]  1.0005828  1.0028302
ilr.fac1[10,3]  1.0007282  1.0010204
ilr.fac1[11,1]  1.0001587  1.0017041
ilr.fac1[11,2]  1.0007237  1.0036016
ilr.fac1[11,3]  1.0007890  1.0023977
ilr.fac1[12,1]  1.0006359  1.0025649
ilr.fac1[12,2]  1.0000506  1.0004079
ilr.fac1[12,3]  1.0000288  1.0005513
ilr.fac1[13,1]  1.0015903  1.0056456
ilr.fac1[13,2]  1.0009092  1.0039371
ilr.fac1[13,3]  1.0005041  1.0028273
ilr.fac1[14,1]  1.0002645  1.0016316
ilr.fac1[14,2]  1.0006641  1.0026010
ilr.fac1[14,3]  1.0022915  1.0062066
ilr.fac1[2,1]   1.0011111  1.0037780
ilr.fac1[2,2]   0.9998130  1.0001935
ilr.fac1[2,3]   1.0010448  1.0028980
ilr.fac1[3,1]   0.9999337  1.0009683
ilr.fac1[3,2]   1.0006972  1.0017965
ilr.fac1[3,3]   0.9997870  1.0001145
ilr.fac1[4,1]   1.0007601  1.0025421
ilr.fac1[4,2]   1.0013161  1.0032599
ilr.fac1[4,3]   1.0000727  1.0010975
ilr.fac1[5,1]   1.0001920  1.0019779
ilr.fac1[5,2]   1.0004437  1.0026467
ilr.fac1[5,3]   0.9995136  0.9995458
ilr.fac1[6,1]   1.0000520  1.0013445
ilr.fac1[6,2]   1.0002664  1.0023008
ilr.fac1[6,3]   1.0000352  1.0009388
ilr.fac1[7,1]   1.0001408  1.0012900
ilr.fac1[7,2]   1.0007263  1.0031132
ilr.fac1[7,3]   1.0001578  1.0003559
ilr.fac1[8,1]   1.0001925  1.0005578
ilr.fac1[8,2]   1.0002441  1.0015084
ilr.fac1[8,3]   1.0000747  1.0014582
ilr.fac1[9,1]   1.0008426  1.0022882
ilr.fac1[9,2]   1.0005483  1.0023010
ilr.fac1[9,3]   0.9995731  0.9996498
ilr.fac2[1,1]         NaN        NaN
ilr.fac2[1,2]         NaN        NaN
ilr.fac2[1,3]         NaN        NaN
ilr.fac2[2,1]   1.0005210  1.0014351
ilr.fac2[2,2]   1.0004397  1.0015644
ilr.fac2[2,3]   1.0004029  1.0022844
ilr.global[1]   1.0054853  1.0163987
ilr.global[2]   1.0012793  1.0018433
ilr.global[3]   1.0039372  1.0137886
loglik[1]       1.0004513  1.0007618
loglik[10]      0.9998740  0.9999286
loglik[11]      1.0001378  1.0008035
loglik[12]      1.0004960  1.0006201
loglik[13]      1.0006564  1.0015631
loglik[14]      1.0002857  1.0017026
loglik[15]      0.9997989  1.0001691
loglik[16]      1.0006208  1.0019116
loglik[17]      0.9998513  1.0007830
loglik[18]      1.0026349  1.0028203
loglik[19]      1.0011631  1.0038342
loglik[2]       1.0006165  1.0021098
loglik[20]      1.0002979  1.0007236
loglik[3]       1.0015859  1.0064647
loglik[4]       1.0013452  1.0054710
loglik[5]       0.9996151  0.9997304
loglik[6]       1.0003838  1.0020975
loglik[7]       0.9998733  1.0007336
loglik[8]       1.0007967  1.0015103
loglik[9]       1.0001439  1.0017778
p.global[1]     1.0018550  1.0080856
p.global[2]     1.0052385  1.0185856
p.global[3]     1.0009305  1.0021454
p.global[4]     1.0014589  1.0058233

################################################################################
# Geweke Diagnostic
################################################################################

The Geweke diagnostic is a standard z-score, so we'd expect 5% to be outside +/-1.96
Number of variables outside +/-1.96 in each chain (out of 
76
):


       Chain 1 Chain 2 Chain 3
Geweke       6       3       6


And here are the Geweke diagnostics for all variables:

               chain1 chain2 chain3
deviance        0.241  0.849  1.335
ilr.fac1[10,1] -0.935  0.905 -0.619
ilr.fac1[10,2]  0.642 -0.083  1.241
ilr.fac1[10,3]  0.083 -0.160  1.927
ilr.fac1[11,1] -1.328 -1.040 -2.604
ilr.fac1[11,2] -0.787 -2.492  0.209
ilr.fac1[11,3] -1.440  0.010  1.672
ilr.fac1[12,1] -0.610  1.040 -0.814
ilr.fac1[12,2] -0.650 -1.369 -1.019
ilr.fac1[12,3] -1.127 -1.078  0.131
ilr.fac1[13,1]  0.168 -0.664 -0.350
ilr.fac1[13,2] -1.980 -0.354  2.023
ilr.fac1[13,3] -0.630 -0.179 -1.138
ilr.fac1[14,1] -0.456 -0.121  0.627
ilr.fac1[14,2]  0.934 -0.364 -2.518
ilr.fac1[14,3]  1.402  0.656 -0.493
ilr.fac1[2,1]  -0.412 -1.311  0.200
ilr.fac1[2,2]  -0.616  1.536 -1.678
ilr.fac1[2,3]   0.838 -0.552 -0.121
ilr.fac1[3,1]  -1.504 -0.204 -0.483
ilr.fac1[3,2]  -0.413 -0.745  1.927
ilr.fac1[3,3]  -0.237 -0.282 -0.751
ilr.fac1[4,1]   0.465  0.115 -0.183
ilr.fac1[4,2]   0.583  0.620 -0.038
ilr.fac1[4,3]  -0.007 -0.990  0.360
ilr.fac1[5,1]  -0.757 -0.178 -0.718
ilr.fac1[5,2]  -1.142  0.777 -0.391
ilr.fac1[5,3]   0.489  1.312 -0.133
ilr.fac1[6,1]   0.498  0.156 -1.108
ilr.fac1[6,2]  -3.262 -1.707  1.032
ilr.fac1[6,3]   1.409 -0.549 -1.017
ilr.fac1[7,1]  -1.417 -1.183 -0.615
ilr.fac1[7,2]  -0.780  0.466 -1.660
ilr.fac1[7,3]  -0.263 -2.581 -1.283
ilr.fac1[8,1]  -0.761  0.729  0.473
ilr.fac1[8,2]   0.227  2.709  0.499
ilr.fac1[8,3]  -0.160  0.063 -0.282
ilr.fac1[9,1]  -0.123  0.004 -1.752
ilr.fac1[9,2]   1.572  0.808 -0.556
ilr.fac1[9,3]   0.102  0.146  0.195
ilr.fac2[2,1]  -0.467  0.243 -0.225
ilr.fac2[2,2]  -0.839 -0.347 -1.265
ilr.fac2[2,3]  -0.718  1.219  0.574
ilr.global[1]   0.648 -0.380  2.164
ilr.global[2]  -0.707  0.609 -1.172
ilr.global[3]   0.283  1.157 -0.983
loglik[1]       2.115  0.154  1.057
loglik[10]      0.660 -0.253  0.228
loglik[11]     -1.674 -0.877 -0.076
loglik[12]      1.640  1.025  0.715
loglik[13]      1.035  0.616  0.345
loglik[14]     -1.017  0.526  0.073
loglik[15]     -1.271 -0.387 -1.045
loglik[16]     -3.143 -0.814 -0.247
loglik[17]     -0.021  0.039 -1.576
loglik[18]      2.551  1.354  0.395
loglik[19]      1.003 -0.408 -0.031
loglik[2]      -2.107 -0.965 -1.350
loglik[20]      1.544  0.422 -0.240
loglik[3]       1.931 -0.237 -0.033
loglik[4]       0.615 -0.819 -0.107
loglik[5]      -0.362  1.098 -0.230
loglik[6]      -1.411 -0.139 -0.607
loglik[7]      -1.908 -0.659 -0.239
loglik[8]      -1.649 -1.708 -1.294
loglik[9]      -1.652 -1.026  0.063
p.global[1]     0.052  1.368  2.141
p.global[2]    -0.870  0.147 -2.647
p.global[3]     0.673 -0.344 -0.534
p.global[4]    -0.849 -1.804 -0.386
