
################################################################################
# Gelman-Rubin Diagnostic
################################################################################

Generally the Gelman diagnostic should be < 1.05


Out of 80 variables: 0 > 1.01

                      
0 > 1.05

                      
0 > 1.1


The worst variables are:

              Point est. Upper C.I.
p.global[4]     1.005689   1.016090
loglik[14]      1.003390   1.010491
deviance        1.003259   1.012103
ilr.global[3]   1.003215   1.008986
loglik[17]      1.002940   1.008397
loglik[5]       1.002600   1.007540
ilr.fac2[2,3]   1.002484   1.007090
loglik[18]      1.002283   1.009388
p.global[1]     1.002274   1.007955
loglik[2]       1.002221   1.008605


And here are the Gelman diagnostics for all variables:

               Point est. Upper C.I.
deviance        1.0032588   1.012103
ilr.fac1[1,1]         NaN        NaN
ilr.fac1[1,2]         NaN        NaN
ilr.fac1[1,3]         NaN        NaN
ilr.fac1[10,1]  1.0014655   1.005976
ilr.fac1[10,2]  0.9997781   1.000294
ilr.fac1[10,3]  1.0002632   1.002198
ilr.fac1[11,1]  1.0002834   1.001557
ilr.fac1[11,2]  0.9997060   1.000186
ilr.fac1[11,3]  0.9999543   1.000782
ilr.fac1[12,1]  0.9999804   1.000450
ilr.fac1[12,2]  1.0005793   1.001316
ilr.fac1[12,3]  0.9997650   1.000082
ilr.fac1[13,1]  1.0001229   1.000905
ilr.fac1[13,2]  0.9999674   1.000887
ilr.fac1[13,3]  1.0006278   1.001934
ilr.fac1[14,1]  1.0002049   1.000375
ilr.fac1[14,2]  1.0000232   1.001140
ilr.fac1[14,3]  1.0010550   1.001278
ilr.fac1[15,1]  1.0002582   1.002034
ilr.fac1[15,2]  1.0004388   1.001255
ilr.fac1[15,3]  1.0015707   1.002066
ilr.fac1[2,1]   1.0014132   1.001660
ilr.fac1[2,2]   1.0015373   1.004719
ilr.fac1[2,3]   0.9998631   1.000076
ilr.fac1[3,1]   0.9999054   1.000148
ilr.fac1[3,2]   0.9998861   1.000559
ilr.fac1[3,3]   1.0009245   1.004513
ilr.fac1[4,1]   1.0001003   1.001206
ilr.fac1[4,2]   1.0005073   1.001779
ilr.fac1[4,3]   1.0006567   1.002879
ilr.fac1[5,1]   1.0007411   1.003070
ilr.fac1[5,2]   1.0000264   1.000478
ilr.fac1[5,3]   1.0005008   1.001116
ilr.fac1[6,1]   1.0004739   1.002571
ilr.fac1[6,2]   1.0014603   1.001915
ilr.fac1[6,3]   1.0012095   1.005647
ilr.fac1[7,1]   1.0002886   1.002324
ilr.fac1[7,2]   1.0000295   1.001044
ilr.fac1[7,3]   0.9997957   1.000150
ilr.fac1[8,1]   1.0015029   1.004386
ilr.fac1[8,2]   0.9999650   1.001005
ilr.fac1[8,3]   1.0010544   1.004191
ilr.fac1[9,1]   1.0002534   1.002105
ilr.fac1[9,2]   1.0006020   1.003363
ilr.fac1[9,3]   1.0004237   1.002420
ilr.fac2[1,1]         NaN        NaN
ilr.fac2[1,2]         NaN        NaN
ilr.fac2[1,3]         NaN        NaN
ilr.fac2[2,1]   1.0003937   1.002768
ilr.fac2[2,2]   1.0012424   1.005399
ilr.fac2[2,3]   1.0024844   1.007090
ilr.global[1]   1.0008575   1.001603
ilr.global[2]   1.0004972   1.003097
ilr.global[3]   1.0032146   1.008986
loglik[1]       1.0003836   1.001690
loglik[10]      0.9998305   1.000238
loglik[11]      1.0003903   1.000989
loglik[12]      1.0019401   1.007562
loglik[13]      1.0005925   1.001343
loglik[14]      1.0033902   1.010491
loglik[15]      1.0019395   1.001955
loglik[16]      1.0001975   1.000954
loglik[17]      1.0029404   1.008397
loglik[18]      1.0022834   1.009388
loglik[19]      1.0010866   1.004251
loglik[2]       1.0022210   1.008605
loglik[20]      1.0004063   1.002293
loglik[21]      1.0016842   1.007182
loglik[3]       0.9997695   1.000086
loglik[4]       1.0007118   1.002529
loglik[5]       1.0025997   1.007540
loglik[6]       1.0010182   1.002433
loglik[7]       1.0009621   1.004034
loglik[8]       1.0009496   1.003827
loglik[9]       1.0012275   1.004742
p.global[1]     1.0022738   1.007955
p.global[2]     1.0015451   1.003709
p.global[3]     1.0001280   1.001584
p.global[4]     1.0056889   1.016090

################################################################################
# Geweke Diagnostic
################################################################################

The Geweke diagnostic is a standard z-score, so we'd expect 5% to be outside +/-1.96
Number of variables outside +/-1.96 in each chain (out of 
80
):


       Chain 1 Chain 2 Chain 3
Geweke       3       6       7


And here are the Geweke diagnostics for all variables:

               chain1 chain2 chain3
deviance        0.549  0.816 -0.725
ilr.fac1[10,1] -0.567  0.568 -0.903
ilr.fac1[10,2] -0.128  0.811  0.904
ilr.fac1[10,3] -1.296  2.164 -1.124
ilr.fac1[11,1] -1.218 -1.810 -2.227
ilr.fac1[11,2]  0.896  0.350  0.054
ilr.fac1[11,3]  2.234  0.251  0.151
ilr.fac1[12,1]  1.565  1.319  0.578
ilr.fac1[12,2] -1.155  0.251 -0.859
ilr.fac1[12,3] -2.043  0.094 -0.806
ilr.fac1[13,1]  1.090 -0.881 -0.845
ilr.fac1[13,2] -0.149 -1.760 -0.137
ilr.fac1[13,3] -1.541  0.647  0.568
ilr.fac1[14,1]  0.336  0.273  2.462
ilr.fac1[14,2]  0.634 -0.922 -1.839
ilr.fac1[14,3]  0.532 -1.904 -0.837
ilr.fac1[15,1] -0.790 -0.917 -0.691
ilr.fac1[15,2]  0.892 -1.831  0.625
ilr.fac1[15,3]  0.241  1.457 -0.377
ilr.fac1[2,1]  -0.057 -0.103  0.099
ilr.fac1[2,2]  -1.334  0.634 -1.294
ilr.fac1[2,3]   1.071 -0.542  0.125
ilr.fac1[3,1]  -0.132 -0.038  0.294
ilr.fac1[3,2]  -0.917 -0.624 -0.814
ilr.fac1[3,3]  -1.631 -0.898  0.237
ilr.fac1[4,1]   1.462  0.709  2.079
ilr.fac1[4,2]   0.349 -2.288  0.575
ilr.fac1[4,3]   0.012  0.185 -1.174
ilr.fac1[5,1]  -0.236  0.652  0.243
ilr.fac1[5,2]   0.132 -0.017 -1.393
ilr.fac1[5,3]  -1.195  0.077  0.566
ilr.fac1[6,1]   0.166 -0.167  0.548
ilr.fac1[6,2]   1.007  1.263  1.634
ilr.fac1[6,3]   0.341 -0.276  0.970
ilr.fac1[7,1]   0.666 -0.244  0.396
ilr.fac1[7,2]  -0.646 -0.458 -2.075
ilr.fac1[7,3]   1.837 -0.825 -2.089
ilr.fac1[8,1]  -0.107  2.057  1.635
ilr.fac1[8,2]  -1.573 -1.043  0.371
ilr.fac1[8,3]   1.901 -0.079 -0.152
ilr.fac1[9,1]   1.082 -0.760 -0.319
ilr.fac1[9,2]  -0.091 -0.444  0.029
ilr.fac1[9,3]  -0.281  0.613 -0.503
ilr.fac2[2,1]  -0.888  0.655  1.409
ilr.fac2[2,2]   0.838 -1.470 -0.331
ilr.fac2[2,3]   1.142  0.386 -0.529
ilr.global[1]  -0.555 -1.973 -2.100
ilr.global[2]   0.711  3.430  0.699
ilr.global[3]   0.104  0.140  0.513
loglik[1]       1.010  0.055  0.329
loglik[10]      1.765  0.062 -0.266
loglik[11]     -0.080 -0.618  0.234
loglik[12]      0.387  0.225 -0.585
loglik[13]     -0.601  0.143  0.610
loglik[14]     -0.384  0.215  1.841
loglik[15]     -0.628 -0.273  0.098
loglik[16]     -1.737 -0.653  0.084
loglik[17]     -0.275 -1.299 -1.337
loglik[18]     -1.060 -0.061  1.151
loglik[19]     -0.595 -1.167 -0.142
loglik[2]      -0.180  0.692  0.100
loglik[20]     -0.190  0.049  1.992
loglik[21]     -1.500 -0.660 -0.484
loglik[3]       2.314 -0.305  0.401
loglik[4]       1.046 -1.049  0.707
loglik[5]      -0.301  1.878 -0.615
loglik[6]      -0.319 -0.106 -1.730
loglik[7]       1.917 -2.160 -1.480
loglik[8]      -0.412 -0.222  1.358
loglik[9]       0.342 -0.345  0.698
p.global[1]    -0.604  0.095 -1.355
p.global[2]     1.323  1.253  1.444
p.global[3]    -0.417 -1.316  0.620
p.global[4]     0.141 -0.132  0.296
