
################################################################################
# Gelman-Rubin Diagnostic
################################################################################

Generally the Gelman diagnostic should be < 1.05


Out of 102 variables: 0 > 1.01

                      
0 > 1.05

                      
0 > 1.1


The worst variables are:

               Point est. Upper C.I.
ilr.fac1[15,1]   1.009877   1.022760
loglik[2]        1.005671   1.009383
loglik[14]       1.004815   1.014664
loglik[12]       1.003730   1.012120
loglik[10]       1.002519   1.006488
ilr.fac1[20,2]   1.002212   1.005625
loglik[20]       1.001992   1.002830
loglik[4]        1.001935   1.005764
ilr.global[1]    1.001881   1.006321
ilr.fac1[6,3]    1.001840   1.007968


And here are the Gelman diagnostics for all variables:

               Point est. Upper C.I.
deviance        0.9999209  1.0009432
ilr.fac1[1,1]         NaN        NaN
ilr.fac1[1,2]         NaN        NaN
ilr.fac1[1,3]         NaN        NaN
ilr.fac1[10,1]  1.0000200  1.0009182
ilr.fac1[10,2]  1.0006517  1.0037067
ilr.fac1[10,3]  1.0004849  1.0016253
ilr.fac1[11,1]  0.9999404  1.0009630
ilr.fac1[11,2]  0.9999376  1.0002667
ilr.fac1[11,3]  1.0000842  1.0007122
ilr.fac1[12,1]  1.0004473  1.0012877
ilr.fac1[12,2]  1.0007315  1.0035107
ilr.fac1[12,3]  1.0002363  1.0018915
ilr.fac1[13,1]  1.0001018  1.0009439
ilr.fac1[13,2]  1.0000610  1.0008831
ilr.fac1[13,3]  1.0001996  1.0015908
ilr.fac1[14,1]  1.0009786  1.0047276
ilr.fac1[14,2]  1.0010963  1.0050941
ilr.fac1[14,3]  1.0003951  1.0019420
ilr.fac1[15,1]  1.0098769  1.0227603
ilr.fac1[15,2]  0.9998635  1.0003340
ilr.fac1[15,3]  1.0005528  1.0007673
ilr.fac1[16,1]  1.0013565  1.0024290
ilr.fac1[16,2]  1.0008474  1.0035751
ilr.fac1[16,3]  0.9999892  1.0012692
ilr.fac1[17,1]  1.0002900  1.0023555
ilr.fac1[17,2]  0.9995089  0.9995316
ilr.fac1[17,3]  1.0010695  1.0049570
ilr.fac1[18,1]  1.0001590  1.0007153
ilr.fac1[18,2]  1.0004268  1.0023276
ilr.fac1[18,3]  1.0002574  1.0021440
ilr.fac1[19,1]  1.0000095  1.0011258
ilr.fac1[19,2]  1.0001639  1.0017423
ilr.fac1[19,3]  1.0004739  1.0007197
ilr.fac1[2,1]   0.9997978  1.0000850
ilr.fac1[2,2]   0.9999580  1.0006813
ilr.fac1[2,3]   0.9997123  0.9998749
ilr.fac1[20,1]  1.0002657  1.0021349
ilr.fac1[20,2]  1.0022116  1.0056246
ilr.fac1[20,3]  0.9998401  1.0006919
ilr.fac1[21,1]  1.0017049  1.0075451
ilr.fac1[21,2]  1.0012642  1.0015826
ilr.fac1[21,3]  0.9998750  1.0008528
ilr.fac1[3,1]   1.0012326  1.0056958
ilr.fac1[3,2]   1.0004165  1.0019179
ilr.fac1[3,3]   1.0013222  1.0054851
ilr.fac1[4,1]   1.0003040  1.0003242
ilr.fac1[4,2]   1.0007794  1.0032768
ilr.fac1[4,3]   1.0009711  1.0037242
ilr.fac1[5,1]   1.0004463  1.0013550
ilr.fac1[5,2]   0.9997411  0.9999938
ilr.fac1[5,3]   1.0000581  1.0006948
ilr.fac1[6,1]   1.0003142  1.0016405
ilr.fac1[6,2]   1.0002480  1.0019837
ilr.fac1[6,3]   1.0018402  1.0079679
ilr.fac1[7,1]   0.9996164  0.9998661
ilr.fac1[7,2]   1.0006709  1.0030967
ilr.fac1[7,3]   1.0008914  1.0037442
ilr.fac1[8,1]   1.0001138  1.0013789
ilr.fac1[8,2]   1.0016037  1.0061355
ilr.fac1[8,3]   1.0008604  1.0032702
ilr.fac1[9,1]   1.0003412  1.0007604
ilr.fac1[9,2]   0.9999315  1.0009170
ilr.fac1[9,3]   1.0001165  1.0016481
ilr.fac2[1,1]         NaN        NaN
ilr.fac2[1,2]         NaN        NaN
ilr.fac2[1,3]         NaN        NaN
ilr.fac2[2,1]   1.0012322  1.0022033
ilr.fac2[2,2]   0.9999269  1.0009821
ilr.fac2[2,3]   1.0015933  1.0032935
ilr.global[1]   1.0018815  1.0063213
ilr.global[2]   0.9996663  0.9999336
ilr.global[3]   1.0008477  1.0041043
loglik[1]       1.0009584  1.0022692
loglik[10]      1.0025186  1.0064881
loglik[11]      0.9997622  1.0002106
loglik[12]      1.0037305  1.0121203
loglik[13]      1.0007120  1.0016308
loglik[14]      1.0048151  1.0146641
loglik[15]      1.0016350  1.0062375
loglik[16]      1.0000389  1.0013993
loglik[17]      1.0001706  1.0014439
loglik[18]      1.0005365  1.0018127
loglik[19]      1.0004706  1.0028101
loglik[2]       1.0056708  1.0093833
loglik[20]      1.0019920  1.0028296
loglik[21]      0.9999340  1.0001046
loglik[22]      1.0013483  1.0021102
loglik[23]      1.0001129  1.0010667
loglik[24]      1.0014635  1.0033398
loglik[25]      1.0002631  1.0021025
loglik[3]       1.0001773  1.0007652
loglik[4]       1.0019350  1.0057638
loglik[5]       1.0004604  1.0017857
loglik[6]       1.0007202  1.0022987
loglik[7]       0.9995957  0.9997619
loglik[8]       1.0002153  1.0017952
loglik[9]       1.0016458  1.0067513
p.global[1]     1.0006912  1.0023737
p.global[2]     1.0010227  1.0041837
p.global[3]     1.0001642  1.0015027
p.global[4]     1.0009928  1.0041147

################################################################################
# Geweke Diagnostic
################################################################################

The Geweke diagnostic is a standard z-score, so we'd expect 5% to be outside +/-1.96
Number of variables outside +/-1.96 in each chain (out of 
102
):


       Chain 1 Chain 2 Chain 3
Geweke       3       7       8


And here are the Geweke diagnostics for all variables:

               chain1 chain2 chain3
deviance       -1.523 -0.058  0.767
ilr.fac1[10,1]  0.221  0.710  0.011
ilr.fac1[10,2]  0.415  0.965  1.396
ilr.fac1[10,3]  0.711 -0.635 -2.077
ilr.fac1[11,1]  1.500 -1.150 -0.762
ilr.fac1[11,2] -0.781 -0.275 -2.007
ilr.fac1[11,3]  0.266 -0.730 -0.976
ilr.fac1[12,1]  0.673 -0.498  0.945
ilr.fac1[12,2] -0.151  1.003 -1.001
ilr.fac1[12,3]  0.205 -0.090  0.628
ilr.fac1[13,1] -0.396 -0.829  1.452
ilr.fac1[13,2]  0.735  0.525 -1.518
ilr.fac1[13,3] -2.168  0.787  0.154
ilr.fac1[14,1] -0.583 -0.178  0.070
ilr.fac1[14,2]  0.975 -0.706 -1.078
ilr.fac1[14,3] -2.350  2.120 -0.855
ilr.fac1[15,1]  0.684 -0.986 -1.276
ilr.fac1[15,2] -0.250  0.187 -0.318
ilr.fac1[15,3] -0.589  0.128 -0.476
ilr.fac1[16,1]  2.666  0.917 -2.209
ilr.fac1[16,2] -1.088  0.997  1.774
ilr.fac1[16,3]  1.673 -0.885 -0.579
ilr.fac1[17,1] -0.747  0.633 -0.379
ilr.fac1[17,2]  0.660 -1.021  0.753
ilr.fac1[17,3] -1.096  0.123 -0.362
ilr.fac1[18,1]  0.876  1.065  0.723
ilr.fac1[18,2]  0.720  1.168 -1.024
ilr.fac1[18,3]  0.532 -1.305  0.014
ilr.fac1[19,1]  0.553 -0.615 -0.103
ilr.fac1[19,2]  0.046  1.755 -0.020
ilr.fac1[19,3] -0.295  2.482  1.099
ilr.fac1[2,1]   1.118 -0.610  1.377
ilr.fac1[2,2]  -0.695 -0.994 -0.339
ilr.fac1[2,3]  -0.916  0.123 -0.689
ilr.fac1[20,1]  0.175  0.313 -0.335
ilr.fac1[20,2] -1.441 -0.655  0.737
ilr.fac1[20,3]  1.052  0.300 -0.094
ilr.fac1[21,1]  0.486  0.724 -3.231
ilr.fac1[21,2]  0.589 -0.258  1.387
ilr.fac1[21,3] -0.142 -0.497 -0.292
ilr.fac1[3,1]  -0.773  1.328  0.130
ilr.fac1[3,2]  -0.904  0.590  0.477
ilr.fac1[3,3]  -0.002 -1.624  1.179
ilr.fac1[4,1]  -0.598 -0.314 -0.266
ilr.fac1[4,2]  -0.210 -0.326  0.169
ilr.fac1[4,3]  -1.162 -0.574  2.045
ilr.fac1[5,1]  -0.470 -2.086 -3.325
ilr.fac1[5,2]  -0.611  0.198  0.526
ilr.fac1[5,3]   0.046  0.309 -0.845
ilr.fac1[6,1]  -0.162 -0.068  0.712
ilr.fac1[6,2]   0.711 -0.992 -0.036
ilr.fac1[6,3]   0.868 -0.559 -1.347
ilr.fac1[7,1]   0.796 -0.637  0.016
ilr.fac1[7,2]  -0.946 -0.908  0.608
ilr.fac1[7,3]  -0.158 -0.145  1.140
ilr.fac1[8,1]   1.206  0.931 -0.624
ilr.fac1[8,2]  -0.041 -0.261 -0.607
ilr.fac1[8,3]   1.630  0.928  0.912
ilr.fac1[9,1]   1.676  0.422 -1.805
ilr.fac1[9,2]  -1.184  0.063 -0.660
ilr.fac1[9,3]   1.153 -0.413 -3.002
ilr.fac2[2,1]  -1.375 -1.742 -2.768
ilr.fac2[2,2]   0.771 -1.397  1.285
ilr.fac2[2,3]   1.012  0.675  0.538
ilr.global[1]  -1.816  2.649  0.048
ilr.global[2]   0.987 -0.625 -0.599
ilr.global[3]   1.203 -0.438 -0.699
loglik[1]       1.759 -0.476  0.416
loglik[10]      0.880  0.039 -0.555
loglik[11]      1.772 -1.034 -0.450
loglik[12]     -0.227  2.118  1.393
loglik[13]      1.270  0.058 -0.922
loglik[14]     -0.179  0.568 -0.840
loglik[15]      0.742  0.809  0.292
loglik[16]      1.230 -0.710 -0.747
loglik[17]     -0.011  0.917 -1.477
loglik[18]      0.705  0.300  0.318
loglik[19]      1.092  0.553 -0.550
loglik[2]       0.632  0.387  1.030
loglik[20]      0.088 -0.249 -0.596
loglik[21]      0.277 -1.100  0.223
loglik[22]      0.716  0.147 -0.574
loglik[23]      0.263 -0.210  1.081
loglik[24]     -0.484  0.312  0.102
loglik[25]      0.233  0.714  1.410
loglik[3]      -1.311  0.162  0.866
loglik[4]       0.108  1.242 -0.453
loglik[5]       1.059 -0.907 -0.855
loglik[6]       0.568 -0.476 -0.059
loglik[7]       0.595  0.493 -1.024
loglik[8]       1.455 -0.361 -0.287
loglik[9]       1.081 -0.410 -1.086
p.global[1]    -1.100  2.224 -0.205
p.global[2]     1.879 -2.129 -0.480
p.global[3]     0.541 -1.262  0.139
p.global[4]    -1.036 -1.308  1.217
