
################################################################################
# Gelman-Rubin Diagnostic
################################################################################

Generally the Gelman diagnostic should be < 1.05


Out of 72 variables: 9 > 1.01

                      
0 > 1.05

                      
0 > 1.1


The worst variables are:

               Point est. Upper C.I.
ilr.fac2[8,1]    1.020502   1.024491
ilr.fac2[4,1]    1.018461   1.019630
ilr.fac2[5,1]    1.017654   1.021033
ilr.fac2[3,3]    1.016698   1.021184
ilr.fac2[8,2]    1.016558   1.021757
ilr.fac2[4,3]    1.014208   1.017694
ilr.fac2[11,2]   1.012239   1.013051
ilr.fac2[5,3]    1.011296   1.011511
ilr.fac2[6,1]    1.010271   1.010921
ilr.fac2[7,2]    1.006984   1.009197


And here are the Gelman diagnostics for all variables:

               Point est. Upper C.I.
deviance        0.9999477  1.0011333
fac2.sig        1.0024999  1.0040005
ilr.fac1[1,1]         NaN        NaN
ilr.fac1[1,2]         NaN        NaN
ilr.fac1[1,3]         NaN        NaN
ilr.fac1[2,1]   1.0013408  1.0042797
ilr.fac1[2,2]   1.0007994  1.0033626
ilr.fac1[2,3]   1.0023810  1.0083321
ilr.fac2[1,1]   1.0004532  1.0027202
ilr.fac2[1,2]   1.0066660  1.0090284
ilr.fac2[1,3]   1.0011703  1.0019919
ilr.fac2[10,1]  1.0021045  1.0023752
ilr.fac2[10,2]  1.0016575  1.0027088
ilr.fac2[10,3]  1.0024692  1.0025217
ilr.fac2[11,1]  1.0046084  1.0050134
ilr.fac2[11,2]  1.0122388  1.0130507
ilr.fac2[11,3]  1.0011126  1.0014310
ilr.fac2[2,1]   1.0065557  1.0073054
ilr.fac2[2,2]   1.0012432  1.0027071
ilr.fac2[2,3]   1.0064046  1.0072737
ilr.fac2[3,1]   1.0057239  1.0077592
ilr.fac2[3,2]   1.0057009  1.0084716
ilr.fac2[3,3]   1.0166979  1.0211836
ilr.fac2[4,1]   1.0184613  1.0196303
ilr.fac2[4,2]   1.0039824  1.0052036
ilr.fac2[4,3]   1.0142078  1.0176945
ilr.fac2[5,1]   1.0176536  1.0210332
ilr.fac2[5,2]   1.0016353  1.0038042
ilr.fac2[5,3]   1.0112962  1.0115109
ilr.fac2[6,1]   1.0102712  1.0109206
ilr.fac2[6,2]   1.0004368  1.0019953
ilr.fac2[6,3]   1.0039515  1.0087027
ilr.fac2[7,1]   1.0039739  1.0082995
ilr.fac2[7,2]   1.0069844  1.0091968
ilr.fac2[7,3]   1.0006922  1.0009302
ilr.fac2[8,1]   1.0205018  1.0244911
ilr.fac2[8,2]   1.0165577  1.0217572
ilr.fac2[8,3]   1.0011508  1.0014674
ilr.fac2[9,1]   1.0045116  1.0062562
ilr.fac2[9,2]   1.0049921  1.0073131
ilr.fac2[9,3]   1.0065438  1.0088130
ilr.global[1]   0.9995994  0.9996235
ilr.global[2]   0.9998238  1.0000324
ilr.global[3]   1.0009777  1.0038271
loglik[1]       1.0017816  1.0025415
loglik[10]      1.0040694  1.0087068
loglik[11]      1.0012341  1.0040416
loglik[12]      1.0006946  1.0020799
loglik[13]      1.0008880  1.0026750
loglik[14]      1.0012045  1.0012107
loglik[2]       0.9997179  0.9998518
loglik[3]       1.0004651  1.0006731
loglik[4]       0.9999113  1.0007085
loglik[5]       1.0005111  1.0016265
loglik[6]       1.0004176  1.0028454
loglik[7]       1.0001603  1.0016103
loglik[8]       1.0010363  1.0017757
loglik[9]       1.0002060  1.0017034
p.fac1[1,1]     0.9997553  1.0001661
p.fac1[1,2]     1.0000227  1.0005903
p.fac1[1,3]     1.0012520  1.0028815
p.fac1[1,4]     1.0025828  1.0074527
p.fac1[2,1]     0.9996800  1.0001412
p.fac1[2,2]     1.0001248  1.0005681
p.fac1[2,3]     1.0016475  1.0036211
p.fac1[2,4]     1.0000593  1.0014312
p.global[1]     0.9997553  1.0001661
p.global[2]     1.0000227  1.0005903
p.global[3]     1.0012520  1.0028815
p.global[4]     1.0025828  1.0074527
resid.prop[1]   1.0001360  1.0005774
resid.prop[2]   0.9997991  1.0002577

################################################################################
# Geweke Diagnostic
################################################################################

The Geweke diagnostic is a standard z-score, so we'd expect 5% to be outside +/-1.96
Number of variables outside +/-1.96 in each chain (out of 
72
):


       Chain 1 Chain 2 Chain 3
Geweke       2       5       3


And here are the Geweke diagnostics for all variables:

               chain1 chain2 chain3
deviance       -1.288 -1.082  1.194
fac2.sig        0.082  1.578 -0.763
ilr.fac1[2,1]  -0.406  0.142  0.239
ilr.fac1[2,2]   0.603 -1.912 -0.465
ilr.fac1[2,3]  -1.314 -0.558 -0.093
ilr.fac2[1,1]   1.546 -1.335 -0.447
ilr.fac2[1,2]  -1.586  1.706 -1.272
ilr.fac2[1,3]  -0.841  0.470 -0.586
ilr.fac2[10,1] -0.204  0.811  0.693
ilr.fac2[10,2] -0.225  1.524 -0.798
ilr.fac2[10,3]  0.066  0.507 -0.502
ilr.fac2[11,1]  0.505  0.945  0.515
ilr.fac2[11,2] -0.333 -1.170  0.728
ilr.fac2[11,3] -1.067  0.332  0.143
ilr.fac2[2,1]  -0.642 -1.809  0.134
ilr.fac2[2,2]  -0.608  0.646 -0.384
ilr.fac2[2,3]   0.778 -0.940  0.683
ilr.fac2[3,1]  -0.473  0.831 -0.043
ilr.fac2[3,2]   0.254  1.087  0.145
ilr.fac2[3,3]   1.209  1.566  0.320
ilr.fac2[4,1]  -0.130 -1.596 -0.574
ilr.fac2[4,2]  -0.377 -0.877  1.413
ilr.fac2[4,3]  -0.933 -0.896  1.499
ilr.fac2[5,1]   0.796 -1.054 -1.400
ilr.fac2[5,2]  -0.932 -1.336  1.016
ilr.fac2[5,3]  -0.433 -1.738 -1.035
ilr.fac2[6,1]   1.353  0.689 -1.250
ilr.fac2[6,2]   1.315  1.753 -0.068
ilr.fac2[6,3]   0.976 -0.887 -0.014
ilr.fac2[7,1]  -1.463  0.533  0.886
ilr.fac2[7,2]  -0.594  1.468  0.867
ilr.fac2[7,3]  -0.395 -0.367  1.529
ilr.fac2[8,1]  -0.734  1.078 -2.035
ilr.fac2[8,2]   0.648  2.192 -1.041
ilr.fac2[8,3]   1.075 -0.109 -0.426
ilr.fac2[9,1]  -0.013  0.771 -0.595
ilr.fac2[9,2]  -0.283 -0.248 -0.163
ilr.fac2[9,3]   0.833 -0.210 -1.659
ilr.global[1]  -0.301 -0.307  0.559
ilr.global[2]   0.112  1.258 -0.756
ilr.global[3]   0.299 -2.410  1.199
loglik[1]      -0.437 -1.302  1.459
loglik[10]     -1.535  0.691 -0.721
loglik[11]      0.083  1.420 -2.169
loglik[12]      1.183  0.102  0.039
loglik[13]      0.584  2.147 -1.023
loglik[14]      0.393 -1.070  0.062
loglik[2]      -0.378  1.128 -0.968
loglik[3]       0.774 -2.306 -0.192
loglik[4]       1.125 -0.412 -0.237
loglik[5]       2.180  1.392  0.000
loglik[6]       1.349  1.991 -0.640
loglik[7]       0.080  1.851 -1.011
loglik[8]       0.033  1.107  0.093
loglik[9]       2.377  0.552 -0.845
p.fac1[1,1]    -0.317 -1.303  0.221
p.fac1[1,2]    -0.084  1.604 -0.209
p.fac1[1,3]     0.396 -1.898  1.008
p.fac1[1,4]     0.181  1.788 -1.125
p.fac1[2,1]    -1.166 -0.997  0.012
p.fac1[2,2]     0.596 -0.235 -0.004
p.fac1[2,3]     0.389  0.535  1.634
p.fac1[2,4]     0.632  1.429 -0.672
p.global[1]    -0.317 -1.303  0.221
p.global[2]    -0.084  1.604 -0.209
p.global[3]     0.396 -1.898  1.008
p.global[4]     0.181  1.788 -1.125
resid.prop[1]  -1.303 -0.015  0.862
resid.prop[2]  -1.433 -1.153  2.318
