
################################################################################
# Gelman-Rubin Diagnostic
################################################################################

Generally the Gelman diagnostic should be < 1.05


Out of 108 variables: 0 > 1.01

                      
0 > 1.05

                      
0 > 1.1


The worst variables are:

               Point est. Upper C.I.
p.global[2]      1.006518   1.012478
loglik[1]        1.005041   1.013112
ilr.fac1[17,3]   1.004042   1.011947
ilr.fac1[8,1]    1.003150   1.012045
loglik[18]       1.003085   1.011776
ilr.fac1[5,1]    1.002804   1.011272
ilr.fac2[2,1]    1.002151   1.008940
loglik[8]        1.002081   1.003312
loglik[13]       1.002060   1.007393
ilr.fac1[3,3]    1.002034   1.006059


And here are the Gelman diagnostics for all variables:

               Point est. Upper C.I.
deviance        1.0004360  1.0006665
ilr.fac1[1,1]         NaN        NaN
ilr.fac1[1,2]         NaN        NaN
ilr.fac1[1,3]         NaN        NaN
ilr.fac1[10,1]  0.9997506  0.9998253
ilr.fac1[10,2]  1.0000231  1.0007224
ilr.fac1[10,3]  1.0002387  1.0013264
ilr.fac1[11,1]  1.0014673  1.0053972
ilr.fac1[11,2]  1.0001864  1.0020189
ilr.fac1[11,3]  1.0000372  1.0008139
ilr.fac1[12,1]  0.9998976  1.0005660
ilr.fac1[12,2]  1.0000524  1.0005428
ilr.fac1[12,3]  0.9999190  1.0002004
ilr.fac1[13,1]  1.0001396  1.0004034
ilr.fac1[13,2]  1.0007804  1.0029554
ilr.fac1[13,3]  1.0000885  1.0002610
ilr.fac1[14,1]  1.0012207  1.0048315
ilr.fac1[14,2]  0.9998399  1.0002022
ilr.fac1[14,3]  0.9996363  0.9996753
ilr.fac1[15,1]  0.9995627  0.9996438
ilr.fac1[15,2]  1.0001526  1.0014023
ilr.fac1[15,3]  0.9997420  0.9999515
ilr.fac1[16,1]  0.9997923  1.0004914
ilr.fac1[16,2]  0.9997850  0.9997903
ilr.fac1[16,3]  1.0004622  1.0021288
ilr.fac1[17,1]  1.0001374  1.0017908
ilr.fac1[17,2]  1.0016856  1.0034415
ilr.fac1[17,3]  1.0040421  1.0119470
ilr.fac1[18,1]  1.0000795  1.0005970
ilr.fac1[18,2]  1.0014451  1.0062244
ilr.fac1[18,3]  1.0004517  1.0020895
ilr.fac1[19,1]  0.9996467  0.9999628
ilr.fac1[19,2]  1.0001142  1.0010636
ilr.fac1[19,3]  1.0002259  1.0005321
ilr.fac1[2,1]   1.0006218  1.0028152
ilr.fac1[2,2]   1.0007634  1.0037258
ilr.fac1[2,3]   0.9999114  1.0000991
ilr.fac1[20,1]  0.9999597  1.0011633
ilr.fac1[20,2]  1.0005440  1.0021816
ilr.fac1[20,3]  1.0011904  1.0046424
ilr.fac1[21,1]  1.0005861  1.0031606
ilr.fac1[21,2]  1.0003496  1.0020554
ilr.fac1[21,3]  1.0002641  1.0010783
ilr.fac1[22,1]  1.0003346  1.0011374
ilr.fac1[22,2]  1.0002434  1.0018163
ilr.fac1[22,3]  1.0000222  1.0004160
ilr.fac1[23,1]  1.0003634  1.0019981
ilr.fac1[23,2]  0.9996929  0.9997720
ilr.fac1[23,3]  1.0002033  1.0010374
ilr.fac1[3,1]   0.9998124  0.9998845
ilr.fac1[3,2]   1.0018886  1.0054008
ilr.fac1[3,3]   1.0020338  1.0060588
ilr.fac1[4,1]   1.0003452  1.0003857
ilr.fac1[4,2]   1.0000779  1.0016031
ilr.fac1[4,3]   1.0000204  1.0010849
ilr.fac1[5,1]   1.0028036  1.0112716
ilr.fac1[5,2]   1.0004832  1.0027984
ilr.fac1[5,3]   1.0013429  1.0062388
ilr.fac1[6,1]   1.0001306  1.0008525
ilr.fac1[6,2]   1.0010468  1.0049297
ilr.fac1[6,3]   1.0005023  1.0025803
ilr.fac1[7,1]   1.0000508  1.0009059
ilr.fac1[7,2]   0.9997822  1.0000555
ilr.fac1[7,3]   1.0016208  1.0066517
ilr.fac1[8,1]   1.0031501  1.0120451
ilr.fac1[8,2]   0.9998430  1.0003877
ilr.fac1[8,3]   1.0001273  1.0011297
ilr.fac1[9,1]   1.0004943  1.0029896
ilr.fac1[9,2]   1.0007301  1.0022202
ilr.fac1[9,3]   1.0008610  1.0042121
ilr.fac2[1,1]         NaN        NaN
ilr.fac2[1,2]         NaN        NaN
ilr.fac2[1,3]         NaN        NaN
ilr.fac2[2,1]   1.0021513  1.0089403
ilr.fac2[2,2]   1.0009276  1.0032807
ilr.fac2[2,3]   0.9997027  1.0002223
ilr.global[1]   1.0009889  1.0033473
ilr.global[2]   1.0016848  1.0062022
ilr.global[3]   1.0005922  1.0012886
loglik[1]       1.0050413  1.0131125
loglik[10]      1.0016886  1.0018432
loglik[11]      1.0001780  1.0019002
loglik[12]      1.0004464  1.0006609
loglik[13]      1.0020600  1.0073928
loglik[14]      1.0008058  1.0041958
loglik[15]      1.0010051  1.0037558
loglik[16]      1.0000806  1.0009882
loglik[17]      1.0005066  1.0007075
loglik[18]      1.0030845  1.0117759
loglik[19]      1.0019750  1.0062519
loglik[2]       1.0009583  1.0041987
loglik[20]      1.0000498  1.0007799
loglik[21]      1.0004306  1.0014011
loglik[22]      0.9996854  0.9999702
loglik[23]      1.0002576  1.0003112
loglik[24]      1.0002182  1.0011693
loglik[25]      1.0008358  1.0020182
loglik[3]       0.9998785  1.0004228
loglik[4]       1.0005530  1.0017566
loglik[5]       1.0006364  1.0032185
loglik[6]       0.9999946  1.0006618
loglik[7]       1.0018583  1.0037236
loglik[8]       1.0020808  1.0033118
loglik[9]       0.9998777  1.0000635
p.global[1]     1.0000369  1.0007350
p.global[2]     1.0065180  1.0124779
p.global[3]     1.0004203  1.0011049
p.global[4]     1.0013171  1.0030007

################################################################################
# Geweke Diagnostic
################################################################################

The Geweke diagnostic is a standard z-score, so we'd expect 5% to be outside +/-1.96
Number of variables outside +/-1.96 in each chain (out of 
108
):


       Chain 1 Chain 2 Chain 3
Geweke       5       5       7


And here are the Geweke diagnostics for all variables:

               chain1 chain2 chain3
deviance        0.097  1.583 -0.370
ilr.fac1[10,1] -0.093 -0.998 -0.451
ilr.fac1[10,2]  0.022 -1.365  0.611
ilr.fac1[10,3]  1.012 -0.505 -0.283
ilr.fac1[11,1]  0.625 -0.240 -0.103
ilr.fac1[11,2]  0.939 -0.591  0.339
ilr.fac1[11,3]  0.139  0.120  0.624
ilr.fac1[12,1]  0.565 -0.619 -0.736
ilr.fac1[12,2] -0.752  0.252  0.071
ilr.fac1[12,3] -2.513  1.351 -0.065
ilr.fac1[13,1]  1.844 -4.505 -2.870
ilr.fac1[13,2] -1.510 -0.705  1.630
ilr.fac1[13,3] -2.117  0.223  1.637
ilr.fac1[14,1] -0.638 -1.158 -1.107
ilr.fac1[14,2] -1.634  0.068  0.420
ilr.fac1[14,3] -0.393 -0.724 -1.833
ilr.fac1[15,1] -2.112  0.054 -0.988
ilr.fac1[15,2]  0.248 -0.844  1.103
ilr.fac1[15,3] -0.321  0.528  0.552
ilr.fac1[16,1] -1.208 -0.270 -0.759
ilr.fac1[16,2] -0.988  0.185  1.454
ilr.fac1[16,3] -0.076  0.393 -1.037
ilr.fac1[17,1]  0.159  0.017  0.794
ilr.fac1[17,2] -0.888 -0.482 -1.061
ilr.fac1[17,3]  0.609  1.421 -0.666
ilr.fac1[18,1] -1.776  2.572 -0.107
ilr.fac1[18,2]  0.466 -1.238  0.129
ilr.fac1[18,3] -1.889  0.977  2.159
ilr.fac1[19,1] -0.254  0.597  0.444
ilr.fac1[19,2]  0.952 -1.191  0.250
ilr.fac1[19,3]  0.057  1.382 -0.142
ilr.fac1[2,1]  -0.002  0.940  0.750
ilr.fac1[2,2]  -0.027 -0.641  0.844
ilr.fac1[2,3]  -0.242  0.028  1.313
ilr.fac1[20,1] -1.150 -1.631 -0.854
ilr.fac1[20,2] -1.678 -1.315  0.946
ilr.fac1[20,3] -1.608 -0.742 -0.735
ilr.fac1[21,1]  0.632  1.024 -2.426
ilr.fac1[21,2] -0.310  1.505  0.493
ilr.fac1[21,3]  1.217  1.242 -0.403
ilr.fac1[22,1]  0.012  1.411 -0.337
ilr.fac1[22,2] -0.130 -0.502 -1.051
ilr.fac1[22,3]  0.892  0.576 -0.174
ilr.fac1[23,1] -0.992 -0.398  0.429
ilr.fac1[23,2]  0.581  0.314  0.527
ilr.fac1[23,3]  1.195  0.168  0.775
ilr.fac1[3,1]  -1.614  0.139 -0.291
ilr.fac1[3,2]  -1.169 -0.623  0.004
ilr.fac1[3,3]   1.011 -1.159 -0.507
ilr.fac1[4,1]  -0.966  1.897  1.595
ilr.fac1[4,2]  -0.057  0.740  0.009
ilr.fac1[4,3]   0.598 -0.757  0.921
ilr.fac1[5,1]  -2.265 -0.454 -2.075
ilr.fac1[5,2]  -1.001  0.120  0.696
ilr.fac1[5,3]  -0.449  0.104 -1.535
ilr.fac1[6,1]  -0.130 -0.717 -3.579
ilr.fac1[6,2]  -0.022  0.229 -0.038
ilr.fac1[6,3]  -0.625  0.230  0.555
ilr.fac1[7,1]   1.335  0.095 -1.602
ilr.fac1[7,2]  -0.816 -1.051 -1.295
ilr.fac1[7,3]   0.204  0.318 -1.442
ilr.fac1[8,1]   1.463  1.371 -0.119
ilr.fac1[8,2]   0.287  0.696  1.246
ilr.fac1[8,3]   2.736  1.516  0.388
ilr.fac1[9,1]   1.023 -1.079 -1.419
ilr.fac1[9,2]  -0.652  0.287  0.922
ilr.fac1[9,3]  -1.541  0.112 -1.468
ilr.fac2[2,1]  -1.694  1.861  0.223
ilr.fac2[2,2]   0.964 -0.637  1.555
ilr.fac2[2,3]   0.071  1.544 -0.224
ilr.global[1]   0.759 -1.583  1.043
ilr.global[2]  -0.492  1.209 -1.791
ilr.global[3]   0.054 -0.194  0.341
loglik[1]       1.356  0.299 -1.364
loglik[10]     -0.603 -0.223  0.697
loglik[11]     -0.770  2.134  0.817
loglik[12]      0.334 -0.802  0.418
loglik[13]      0.131 -0.665 -0.164
loglik[14]     -0.487  0.879  0.730
loglik[15]      0.450  0.912 -1.002
loglik[16]      0.399 -1.817  0.543
loglik[17]     -0.853  0.290  0.787
loglik[18]     -0.388 -0.456 -0.020
loglik[19]      1.285 -0.416  0.428
loglik[2]      -1.123  0.164 -1.328
loglik[20]     -1.377  0.245  0.829
loglik[21]     -0.955  1.118  1.870
loglik[22]      1.154 -1.104 -0.301
loglik[23]      1.784  0.355 -1.226
loglik[24]      0.593 -1.972 -0.002
loglik[25]      0.145 -1.178 -1.350
loglik[3]       1.265 -1.185  0.139
loglik[4]      -0.643 -1.172 -0.400
loglik[5]      -0.922  1.529 -0.163
loglik[6]       0.312 -2.306  1.875
loglik[7]      -0.010 -0.146  2.475
loglik[8]      -1.313 -0.211 -0.284
loglik[9]      -1.310 -0.524  0.145
p.global[1]     0.297 -1.051  0.162
p.global[2]    -0.548  1.077 -1.031
p.global[3]    -0.766 -0.372  2.041
p.global[4]    -0.057  1.561 -0.473
