
################################################################################
# Gelman-Rubin Diagnostic
################################################################################

Generally the Gelman diagnostic should be < 1.05


Out of 130 variables: 3 > 1.01

                      
0 > 1.05

                      
0 > 1.1


The worst variables are:

               Point est. Upper C.I.
fac2.sig         1.012219   1.039410
ilr.fac2[4,3]    1.010440   1.038036
resid.prop[1]    1.010288   1.023083
loglik[5]        1.009548   1.033443
ilr.global[2]    1.007727   1.011922
deviance         1.007510   1.027408
ilr.fac2[20,1]   1.007087   1.011053
loglik[14]       1.006620   1.024846
ilr.fac2[24,3]   1.006190   1.016969
ilr.fac2[13,2]   1.005876   1.008405


And here are the Gelman diagnostics for all variables:

               Point est. Upper C.I.
deviance        1.0075102  1.0274080
fac2.sig        1.0122187  1.0394100
ilr.fac1[1,1]         NaN        NaN
ilr.fac1[1,2]         NaN        NaN
ilr.fac1[1,3]         NaN        NaN
ilr.fac1[2,1]   0.9998575  1.0000141
ilr.fac1[2,2]   1.0001855  1.0015551
ilr.fac1[2,3]   0.9999023  1.0009421
ilr.fac2[1,1]   1.0007891  1.0016823
ilr.fac2[1,2]   1.0017436  1.0047364
ilr.fac2[1,3]   1.0016194  1.0060451
ilr.fac2[10,1]  1.0041158  1.0146448
ilr.fac2[10,2]  1.0040896  1.0114554
ilr.fac2[10,3]  1.0029073  1.0076559
ilr.fac2[11,1]  1.0022413  1.0071581
ilr.fac2[11,2]  1.0018386  1.0018395
ilr.fac2[11,3]  1.0018629  1.0026204
ilr.fac2[12,1]  1.0020329  1.0062340
ilr.fac2[12,2]  1.0002056  1.0003966
ilr.fac2[12,3]  1.0029029  1.0114327
ilr.fac2[13,1]  1.0005649  1.0006082
ilr.fac2[13,2]  1.0058759  1.0084052
ilr.fac2[13,3]  1.0013304  1.0019276
ilr.fac2[14,1]  1.0014412  1.0021157
ilr.fac2[14,2]  1.0017035  1.0038214
ilr.fac2[14,3]  1.0010859  1.0052087
ilr.fac2[15,1]  1.0000217  1.0002754
ilr.fac2[15,2]  1.0016682  1.0017612
ilr.fac2[15,3]  1.0009513  1.0021125
ilr.fac2[16,1]  1.0016541  1.0063365
ilr.fac2[16,2]  1.0023441  1.0041780
ilr.fac2[16,3]  1.0011462  1.0044700
ilr.fac2[17,1]  1.0024509  1.0046412
ilr.fac2[17,2]  1.0011804  1.0050720
ilr.fac2[17,3]  1.0016115  1.0021622
ilr.fac2[18,1]  1.0052572  1.0124713
ilr.fac2[18,2]  1.0015744  1.0026345
ilr.fac2[18,3]  1.0007160  1.0008826
ilr.fac2[19,1]  1.0008813  1.0023110
ilr.fac2[19,2]  1.0001008  1.0004097
ilr.fac2[19,3]  1.0013640  1.0042818
ilr.fac2[2,1]   1.0006137  1.0006614
ilr.fac2[2,2]   1.0036987  1.0123540
ilr.fac2[2,3]   1.0011395  1.0033162
ilr.fac2[20,1]  1.0070867  1.0110530
ilr.fac2[20,2]  1.0030018  1.0051262
ilr.fac2[20,3]  1.0002838  1.0005564
ilr.fac2[21,1]  0.9998741  0.9999531
ilr.fac2[21,2]  1.0023178  1.0036638
ilr.fac2[21,3]  1.0041143  1.0153083
ilr.fac2[22,1]  1.0042404  1.0053537
ilr.fac2[22,2]  1.0028824  1.0051428
ilr.fac2[22,3]  1.0047774  1.0088949
ilr.fac2[23,1]  1.0035220  1.0062941
ilr.fac2[23,2]  1.0018203  1.0023272
ilr.fac2[23,3]  1.0038929  1.0085480
ilr.fac2[24,1]  1.0024235  1.0037452
ilr.fac2[24,2]  1.0009695  1.0027166
ilr.fac2[24,3]  1.0061904  1.0169685
ilr.fac2[3,1]   1.0030309  1.0038052
ilr.fac2[3,2]   1.0027814  1.0038667
ilr.fac2[3,3]   1.0010798  1.0019685
ilr.fac2[4,1]   1.0049232  1.0063353
ilr.fac2[4,2]   1.0032246  1.0060208
ilr.fac2[4,3]   1.0104399  1.0380363
ilr.fac2[5,1]   1.0002738  1.0012659
ilr.fac2[5,2]   1.0007583  1.0010338
ilr.fac2[5,3]   1.0052304  1.0172063
ilr.fac2[6,1]   1.0003390  1.0020501
ilr.fac2[6,2]   1.0010362  1.0012203
ilr.fac2[6,3]   1.0023380  1.0098170
ilr.fac2[7,1]   1.0029823  1.0084736
ilr.fac2[7,2]   0.9998886  1.0008003
ilr.fac2[7,3]   1.0039782  1.0127945
ilr.fac2[8,1]   1.0027109  1.0053877
ilr.fac2[8,2]   1.0005000  1.0014975
ilr.fac2[8,3]   1.0004060  1.0022354
ilr.fac2[9,1]   1.0018082  1.0018509
ilr.fac2[9,2]   1.0020643  1.0025641
ilr.fac2[9,3]   1.0022837  1.0042739
ilr.global[1]   1.0029423  1.0112288
ilr.global[2]   1.0077272  1.0119223
ilr.global[3]   1.0015221  1.0030648
loglik[1]       1.0023311  1.0093675
loglik[10]      1.0043935  1.0163442
loglik[11]      1.0045517  1.0166507
loglik[12]      1.0023525  1.0084059
loglik[13]      1.0015954  1.0022927
loglik[14]      1.0066202  1.0248455
loglik[15]      1.0033939  1.0134772
loglik[16]      1.0011042  1.0030488
loglik[17]      1.0011823  1.0046850
loglik[18]      1.0027428  1.0106510
loglik[19]      1.0040302  1.0080160
loglik[2]       1.0028096  1.0114440
loglik[20]      1.0025109  1.0034663
loglik[21]      1.0031181  1.0039816
loglik[22]      1.0009586  1.0013517
loglik[23]      1.0015492  1.0027575
loglik[24]      1.0010213  1.0045178
loglik[25]      1.0008479  1.0023421
loglik[26]      1.0016221  1.0067851
loglik[27]      1.0031193  1.0069152
loglik[28]      1.0013103  1.0021901
loglik[29]      1.0013871  1.0028019
loglik[3]       1.0003965  1.0004537
loglik[30]      1.0025271  1.0090736
loglik[31]      1.0007672  1.0019036
loglik[32]      1.0022374  1.0061391
loglik[4]       1.0003546  1.0019550
loglik[5]       1.0095485  1.0334430
loglik[6]       1.0023479  1.0095930
loglik[7]       1.0020796  1.0081837
loglik[8]       1.0034488  1.0084033
loglik[9]       1.0007588  1.0027552
p.fac1[1,1]     1.0032180  1.0118894
p.fac1[1,2]     1.0012743  1.0054728
p.fac1[1,3]     1.0019598  1.0023918
p.fac1[1,4]     1.0003802  1.0012300
p.fac1[2,1]     1.0007912  1.0026394
p.fac1[2,2]     1.0018207  1.0049203
p.fac1[2,3]     1.0007278  1.0016232
p.fac1[2,4]     1.0012205  1.0056803
p.global[1]     1.0032180  1.0118894
p.global[2]     1.0012743  1.0054728
p.global[3]     1.0019598  1.0023918
p.global[4]     1.0003802  1.0012300
resid.prop[1]   1.0102875  1.0230835
resid.prop[2]   1.0011819  1.0035636
resid.prop[3]   1.0001868  1.0014053

################################################################################
# Geweke Diagnostic
################################################################################

The Geweke diagnostic is a standard z-score, so we'd expect 5% to be outside +/-1.96
Number of variables outside +/-1.96 in each chain (out of 
130
):


       Chain 1 Chain 2 Chain 3
Geweke      14       6       9


And here are the Geweke diagnostics for all variables:

               chain1 chain2 chain3
deviance       -1.552 -0.993  0.272
fac2.sig        1.865  0.929 -0.269
ilr.fac1[2,1]  -0.388 -0.313 -0.034
ilr.fac1[2,2]   0.009 -1.255  1.443
ilr.fac1[2,3]   3.586  1.752  0.247
ilr.fac2[1,1]   0.386 -1.023  0.614
ilr.fac2[1,2]  -0.604  0.005 -0.816
ilr.fac2[1,3]  -0.181  0.826 -0.361
ilr.fac2[10,1] -1.722 -0.532  0.365
ilr.fac2[10,2]  2.405  1.653 -0.604
ilr.fac2[10,3]  1.190  0.519  0.678
ilr.fac2[11,1]  3.038 -0.654 -0.208
ilr.fac2[11,2]  1.328 -0.006 -2.050
ilr.fac2[11,3]  2.846  0.350  2.226
ilr.fac2[12,1] -0.871 -0.712  0.249
ilr.fac2[12,2] -1.077  0.985 -0.291
ilr.fac2[12,3]  2.152 -0.151 -1.785
ilr.fac2[13,1] -2.794 -0.206  0.116
ilr.fac2[13,2]  1.350 -0.658  0.933
ilr.fac2[13,3] -0.789 -0.492  0.259
ilr.fac2[14,1]  0.766 -0.421  0.984
ilr.fac2[14,2] -0.445  1.843 -0.309
ilr.fac2[14,3] -1.536 -1.745  1.025
ilr.fac2[15,1]  1.419 -1.664  0.215
ilr.fac2[15,2] -1.829 -1.348  0.321
ilr.fac2[15,3]  0.721 -0.867 -0.337
ilr.fac2[16,1] -1.012 -1.139  1.104
ilr.fac2[16,2]  0.502  0.175  0.388
ilr.fac2[16,3]  0.047  0.749 -0.228
ilr.fac2[17,1]  0.355 -0.931  1.747
ilr.fac2[17,2]  0.259 -0.828 -2.018
ilr.fac2[17,3] -0.227 -0.602  0.304
ilr.fac2[18,1]  0.408  0.594 -0.856
ilr.fac2[18,2] -0.600 -1.951 -0.305
ilr.fac2[18,3] -1.957 -2.180  0.439
ilr.fac2[19,1]  0.693 -0.300 -0.039
ilr.fac2[19,2] -0.677  1.174  0.936
ilr.fac2[19,3]  1.740 -0.662 -1.895
ilr.fac2[2,1]   1.030 -1.387  2.037
ilr.fac2[2,2]   0.953  0.698  0.188
ilr.fac2[2,3]  -0.218 -0.455  0.320
ilr.fac2[20,1]  0.513  0.236 -0.379
ilr.fac2[20,2]  0.506 -3.062 -1.417
ilr.fac2[20,3]  1.107  0.174 -0.105
ilr.fac2[21,1]  1.014  0.174  1.500
ilr.fac2[21,2]  1.969  1.222  0.253
ilr.fac2[21,3]  0.719 -1.163  0.005
ilr.fac2[22,1] -1.643  1.575 -0.387
ilr.fac2[22,2] -0.713 -0.076  0.988
ilr.fac2[22,3] -0.988 -0.114  1.102
ilr.fac2[23,1]  0.205  0.206 -0.672
ilr.fac2[23,2]  1.015  2.975 -1.514
ilr.fac2[23,3] -0.817 -1.016  0.508
ilr.fac2[24,1]  1.654  1.336 -0.606
ilr.fac2[24,2] -1.056 -0.609  0.613
ilr.fac2[24,3] -1.579 -1.235  1.135
ilr.fac2[3,1]   0.868 -0.495  1.382
ilr.fac2[3,2]   0.625 -0.834  0.373
ilr.fac2[3,3]   0.918 -1.585 -0.304
ilr.fac2[4,1]  -3.077  0.225 -0.010
ilr.fac2[4,2]  -0.659  0.213 -0.067
ilr.fac2[4,3]  -1.612 -0.943  0.326
ilr.fac2[5,1]   0.102  0.877 -1.896
ilr.fac2[5,2]  -0.538  0.178  0.217
ilr.fac2[5,3]  -0.680 -1.235 -0.129
ilr.fac2[6,1]   1.384  1.905 -1.124
ilr.fac2[6,2]  -0.610 -0.173 -1.156
ilr.fac2[6,3]  -3.801 -1.214  0.856
ilr.fac2[7,1]  -1.856 -0.464  1.522
ilr.fac2[7,2]   1.213  1.150 -0.516
ilr.fac2[7,3]   0.564  0.403  0.646
ilr.fac2[8,1]   0.882 -0.274 -0.180
ilr.fac2[8,2]  -0.884 -1.181 -0.079
ilr.fac2[8,3]  -1.183 -0.062  0.391
ilr.fac2[9,1]   0.214  2.193 -0.945
ilr.fac2[9,2]  -1.059  1.260 -2.984
ilr.fac2[9,3]   0.154  0.923 -0.073
ilr.global[1]  -0.973 -0.033  0.941
ilr.global[2]  -1.048  1.259 -0.914
ilr.global[3]  -0.866 -1.298 -0.479
loglik[1]       2.195 -0.751 -0.118
loglik[10]      2.476  1.332 -0.583
loglik[11]      0.451  0.395  0.898
loglik[12]      0.939  0.390 -2.124
loglik[13]      1.182  0.191 -0.573
loglik[14]      1.065  0.575  0.499
loglik[15]      0.160  1.806 -0.729
loglik[16]      2.505  1.849  0.487
loglik[17]      1.591  0.598 -0.925
loglik[18]      0.537  1.224 -1.148
loglik[19]      0.116  1.127 -1.086
loglik[2]       1.304  0.981 -0.120
loglik[20]      1.434 -0.393  1.043
loglik[21]     -0.157 -1.037 -0.380
loglik[22]      1.452  0.263  0.869
loglik[23]      0.321 -0.324 -0.044
loglik[24]     -0.376  1.408  0.001
loglik[25]     -0.710  0.740 -2.180
loglik[26]     -0.818  1.315 -1.035
loglik[27]      0.726 -0.671  0.028
loglik[28]      0.328  0.378  0.574
loglik[29]     -1.590 -0.266  3.348
loglik[3]       1.405 -1.535 -0.972
loglik[30]      2.850 -0.648 -0.731
loglik[31]      0.011  0.599  0.144
loglik[32]      0.788  1.640 -1.627
loglik[4]       1.609  0.367  0.160
loglik[5]       1.360  1.141 -0.293
loglik[6]      -0.155 -0.487 -1.866
loglik[7]       0.655  1.848  1.573
loglik[8]      -1.270  1.457 -1.182
loglik[9]       1.979  0.103  3.860
p.fac1[1,1]    -1.316  0.173 -0.299
p.fac1[1,2]     0.122  0.452 -1.142
p.fac1[1,3]     0.120 -2.249  1.367
p.fac1[1,4]     0.781  1.317 -0.175
p.fac1[2,1]    -1.197  0.238 -0.382
p.fac1[2,2]     1.856  1.451 -0.477
p.fac1[2,3]     0.326 -1.889  0.734
p.fac1[2,4]    -0.766  0.973 -0.231
p.global[1]    -1.316  0.173 -0.299
p.global[2]     0.122  0.452 -1.142
p.global[3]     0.120 -2.249  1.367
p.global[4]     0.781  1.317 -0.175
resid.prop[1]  -0.616 -0.018  0.555
resid.prop[2]  -0.915 -1.386  0.802
resid.prop[3]   1.516 -0.278 -1.907
