
################################################################################
# Gelman-Rubin Diagnostic
################################################################################

Generally the Gelman diagnostic should be < 1.05


Out of 107 variables: 0 > 1.01

                      
0 > 1.05

                      
0 > 1.1


The worst variables are:

               Point est. Upper C.I.
ilr.fac2[10,2]   1.009988   1.019940
ilr.fac2[1,2]    1.009487   1.017457
ilr.fac2[1,3]    1.008466   1.009702
ilr.fac2[2,1]    1.008158   1.012636
loglik[17]       1.007124   1.008478
ilr.fac2[15,1]   1.007022   1.011071
ilr.fac2[2,3]    1.006608   1.013161
ilr.fac2[15,3]   1.006487   1.010677
ilr.fac2[9,1]    1.006238   1.007953
ilr.fac2[18,2]   1.006040   1.006311


And here are the Gelman diagnostics for all variables:

               Point est. Upper C.I.
deviance        0.9997617  1.0003447
fac2.sig        1.0055369  1.0082158
ilr.fac1[1,1]         NaN        NaN
ilr.fac1[1,2]         NaN        NaN
ilr.fac1[1,3]         NaN        NaN
ilr.fac1[2,1]   1.0013495  1.0061673
ilr.fac1[2,2]   0.9999533  1.0007351
ilr.fac1[2,3]   0.9997996  1.0001675
ilr.fac2[1,1]   1.0037105  1.0056963
ilr.fac2[1,2]   1.0094870  1.0174573
ilr.fac2[1,3]   1.0084655  1.0097015
ilr.fac2[10,1]  1.0030772  1.0036082
ilr.fac2[10,2]  1.0099877  1.0199404
ilr.fac2[10,3]  1.0005619  1.0007109
ilr.fac2[11,1]  1.0023874  1.0044731
ilr.fac2[11,2]  1.0022577  1.0048778
ilr.fac2[11,3]  1.0054699  1.0070878
ilr.fac2[12,1]  1.0027578  1.0042702
ilr.fac2[12,2]  1.0014625  1.0015263
ilr.fac2[12,3]  1.0023077  1.0067097
ilr.fac2[13,1]  1.0028953  1.0055798
ilr.fac2[13,2]  1.0004452  1.0012765
ilr.fac2[13,3]  1.0042017  1.0077116
ilr.fac2[14,1]  0.9999930  1.0008714
ilr.fac2[14,2]  1.0016168  1.0040558
ilr.fac2[14,3]  1.0004777  1.0030669
ilr.fac2[15,1]  1.0070222  1.0110715
ilr.fac2[15,2]  1.0025564  1.0026966
ilr.fac2[15,3]  1.0064871  1.0106768
ilr.fac2[16,1]  1.0005646  1.0006243
ilr.fac2[16,2]  1.0017741  1.0020789
ilr.fac2[16,3]  1.0054362  1.0069821
ilr.fac2[17,1]  1.0018104  1.0024536
ilr.fac2[17,2]  1.0004315  1.0009506
ilr.fac2[17,3]  1.0009851  1.0016272
ilr.fac2[18,1]  1.0004437  1.0017752
ilr.fac2[18,2]  1.0060400  1.0063107
ilr.fac2[18,3]  1.0041300  1.0049073
ilr.fac2[19,1]  1.0007427  1.0018342
ilr.fac2[19,2]  1.0058170  1.0084719
ilr.fac2[19,3]  1.0004995  1.0012755
ilr.fac2[2,1]   1.0081583  1.0126361
ilr.fac2[2,2]   1.0051934  1.0121311
ilr.fac2[2,3]   1.0066081  1.0131607
ilr.fac2[20,1]  1.0012990  1.0014291
ilr.fac2[20,2]  1.0002850  1.0004119
ilr.fac2[20,3]  1.0024231  1.0025325
ilr.fac2[3,1]   1.0044605  1.0065599
ilr.fac2[3,2]   1.0060284  1.0063986
ilr.fac2[3,3]   1.0014544  1.0040570
ilr.fac2[4,1]   1.0038825  1.0039625
ilr.fac2[4,2]   1.0044966  1.0049822
ilr.fac2[4,3]   1.0023498  1.0027103
ilr.fac2[5,1]   1.0043797  1.0081597
ilr.fac2[5,2]   1.0032489  1.0050706
ilr.fac2[5,3]   1.0028675  1.0037632
ilr.fac2[6,1]   1.0019198  1.0035780
ilr.fac2[6,2]   1.0004792  1.0017331
ilr.fac2[6,3]   1.0026482  1.0061155
ilr.fac2[7,1]   1.0045150  1.0119779
ilr.fac2[7,2]   1.0007171  1.0012908
ilr.fac2[7,3]   1.0026713  1.0052144
ilr.fac2[8,1]   1.0006935  1.0021106
ilr.fac2[8,2]   1.0044385  1.0046631
ilr.fac2[8,3]   1.0006467  1.0013905
ilr.fac2[9,1]   1.0062384  1.0079534
ilr.fac2[9,2]   1.0036186  1.0087390
ilr.fac2[9,3]   1.0017845  1.0021192
ilr.global[1]   1.0000523  1.0003374
ilr.global[2]   1.0035237  1.0119544
ilr.global[3]   1.0005544  1.0032370
loglik[1]       1.0015240  1.0029635
loglik[10]      1.0017599  1.0052527
loglik[11]      0.9998064  1.0000256
loglik[12]      1.0005007  1.0006185
loglik[13]      1.0006914  1.0023196
loglik[14]      1.0010524  1.0020503
loglik[15]      0.9997721  0.9998394
loglik[16]      1.0002403  1.0019811
loglik[17]      1.0071239  1.0084782
loglik[18]      0.9999061  1.0006282
loglik[19]      1.0008575  1.0023472
loglik[2]       0.9996631  0.9999459
loglik[20]      1.0016591  1.0058895
loglik[21]      0.9997763  1.0003471
loglik[22]      0.9998193  1.0003490
loglik[23]      1.0001367  1.0008574
loglik[24]      1.0007031  1.0023414
loglik[3]       1.0005507  1.0006756
loglik[4]       0.9997461  1.0001425
loglik[5]       1.0004960  1.0008417
loglik[6]       1.0016327  1.0018742
loglik[7]       1.0006328  1.0036423
loglik[8]       0.9997766  1.0003512
loglik[9]       1.0002649  1.0016139
p.fac1[1,1]     1.0019521  1.0046684
p.fac1[1,2]     1.0008081  1.0042441
p.fac1[1,3]     1.0018271  1.0076837
p.fac1[1,4]     1.0026415  1.0054918
p.fac1[2,1]     1.0024630  1.0084546
p.fac1[2,2]     1.0010849  1.0030776
p.fac1[2,3]     1.0020344  1.0080058
p.fac1[2,4]     1.0022844  1.0049171
p.global[1]     1.0019521  1.0046684
p.global[2]     1.0008081  1.0042441
p.global[3]     1.0018271  1.0076837
p.global[4]     1.0026415  1.0054918

################################################################################
# Geweke Diagnostic
################################################################################

The Geweke diagnostic is a standard z-score, so we'd expect 5% to be outside +/-1.96
Number of variables outside +/-1.96 in each chain (out of 
107
):


       Chain 1 Chain 2 Chain 3
Geweke      24       5       7


And here are the Geweke diagnostics for all variables:

               chain1 chain2 chain3
deviance        2.218 -0.148  1.298
fac2.sig       -2.996 -1.184 -0.944
ilr.fac1[2,1]   0.950 -0.184  1.127
ilr.fac1[2,2]   0.505  0.671  1.023
ilr.fac1[2,3]  -0.434 -0.452  0.467
ilr.fac2[1,1]   1.249 -0.904 -0.734
ilr.fac2[1,2]  -2.872  0.143  0.629
ilr.fac2[1,3]  -0.668 -1.335 -1.511
ilr.fac2[10,1]  1.489  0.265  0.275
ilr.fac2[10,2]  0.425  1.154 -0.521
ilr.fac2[10,3]  0.753 -0.918  0.217
ilr.fac2[11,1]  0.541 -0.438  0.736
ilr.fac2[11,2]  0.436  0.205  0.248
ilr.fac2[11,3] -0.182 -1.124  1.493
ilr.fac2[12,1] -0.176 -0.913  0.859
ilr.fac2[12,2] -1.618 -0.593 -0.371
ilr.fac2[12,3]  2.488  0.629  0.262
ilr.fac2[13,1] -1.490 -0.645 -1.063
ilr.fac2[13,2]  1.034 -0.089  0.018
ilr.fac2[13,3] -1.436  0.073 -0.251
ilr.fac2[14,1] -2.666 -0.072 -0.267
ilr.fac2[14,2] -1.318  0.642 -1.809
ilr.fac2[14,3]  2.336  0.841  1.764
ilr.fac2[15,1]  0.795 -0.703 -0.152
ilr.fac2[15,2] -0.355  0.594 -0.138
ilr.fac2[15,3] -1.331 -1.720  1.025
ilr.fac2[16,1]  0.014  0.697 -1.234
ilr.fac2[16,2]  2.726  0.597  1.601
ilr.fac2[16,3] -3.362 -1.577 -1.376
ilr.fac2[17,1] -0.352 -1.729 -0.183
ilr.fac2[17,2]  1.117 -1.255  1.946
ilr.fac2[17,3] -2.142 -0.619 -1.396
ilr.fac2[18,1]  0.600 -0.869 -0.745
ilr.fac2[18,2] -1.286  0.952  0.122
ilr.fac2[18,3] -0.785 -1.460  1.796
ilr.fac2[19,1]  1.431  2.340 -0.341
ilr.fac2[19,2]  1.164  2.610  0.421
ilr.fac2[19,3]  0.457  1.450  2.127
ilr.fac2[2,1]  -0.903  0.129 -0.913
ilr.fac2[2,2]   1.577  0.506 -0.383
ilr.fac2[2,3]  -1.404 -0.791  0.071
ilr.fac2[20,1]  0.300 -0.250  0.971
ilr.fac2[20,2] -2.203 -1.430  0.334
ilr.fac2[20,3]  2.663 -0.582  0.858
ilr.fac2[3,1]   1.805  0.604  0.080
ilr.fac2[3,2]  -0.065  2.513  1.087
ilr.fac2[3,3]   0.832 -0.094  0.672
ilr.fac2[4,1]  -1.656 -0.688 -1.596
ilr.fac2[4,2]   0.982  0.187 -0.062
ilr.fac2[4,3]  -1.001 -2.093 -2.953
ilr.fac2[5,1]   0.078  0.568  1.338
ilr.fac2[5,2]  -2.750  0.203  0.576
ilr.fac2[5,3]   0.178 -0.726 -0.031
ilr.fac2[6,1]  -2.297  0.131  0.096
ilr.fac2[6,2]   0.013 -0.732 -0.253
ilr.fac2[6,3]  -1.461 -1.190 -2.007
ilr.fac2[7,1]   2.827  0.790  0.966
ilr.fac2[7,2]   2.073  2.114  2.506
ilr.fac2[7,3]  -0.150 -0.948 -1.599
ilr.fac2[8,1]  -2.288  0.636 -0.745
ilr.fac2[8,2]   0.956  0.815 -1.512
ilr.fac2[8,3]  -3.005 -1.050 -2.163
ilr.fac2[9,1]   0.366  0.858  0.521
ilr.fac2[9,2]  -2.587 -0.133  0.207
ilr.fac2[9,3]   2.630  1.436  0.593
ilr.global[1]   0.197 -0.867 -0.037
ilr.global[2]   1.459 -0.442  0.648
ilr.global[3]   0.897  0.030  1.321
loglik[1]       0.210  0.092 -0.119
loglik[10]      1.127  1.197  0.437
loglik[11]     -1.933  0.360 -1.627
loglik[12]      1.575  0.899 -0.655
loglik[13]     -2.330  0.923 -0.381
loglik[14]     -0.623 -0.120  2.322
loglik[15]     -1.085  0.207 -0.671
loglik[16]     -2.000  1.421 -0.067
loglik[17]      1.203 -0.443 -1.303
loglik[18]     -1.848 -1.193 -1.189
loglik[19]      2.161  0.006  1.220
loglik[2]       0.085  0.031  0.694
loglik[20]     -1.345  0.522 -1.357
loglik[21]     -2.310 -0.165 -1.239
loglik[22]     -0.235  0.863 -0.629
loglik[23]      0.442  0.811 -0.426
loglik[24]     -0.393  0.252 -0.812
loglik[3]       1.916 -0.705 -0.301
loglik[4]       0.490 -0.492  0.380
loglik[5]      -2.643 -0.042  0.690
loglik[6]       0.403 -1.540 -2.201
loglik[7]      -1.651 -0.026 -0.136
loglik[8]      -0.431 -0.244 -1.096
loglik[9]      -1.004 -0.844 -0.331
p.fac1[1,1]     1.119 -1.181  0.347
p.fac1[1,2]     0.716  0.754  0.712
p.fac1[1,3]    -1.579  1.224 -0.049
p.fac1[1,4]    -0.264 -0.769 -1.758
p.fac1[2,1]     1.644 -1.410  0.956
p.fac1[2,2]     0.026  1.043  0.533
p.fac1[2,3]    -1.611  0.832 -0.828
p.fac1[2,4]    -0.359 -0.784 -1.812
p.global[1]     1.119 -1.181  0.347
p.global[2]     0.716  0.754  0.712
p.global[3]    -1.579  1.224 -0.049
p.global[4]    -0.264 -0.769 -1.758
