
################################################################################
# Gelman-Rubin Diagnostic
################################################################################

Generally the Gelman diagnostic should be < 1.05


Out of 76 variables: 0 > 1.01

                      
0 > 1.05

                      
0 > 1.1


The worst variables are:

               Point est. Upper C.I.
ilr.global[2]    1.004606   1.009576
loglik[4]        1.004555   1.006470
loglik[8]        1.003418   1.007451
ilr.fac1[11,3]   1.002564   1.008642
loglik[6]        1.002284   1.004361
loglik[17]       1.001822   1.004018
ilr.fac1[6,1]    1.001596   1.007149
ilr.fac1[13,2]   1.001477   1.002892
ilr.fac1[9,2]    1.001426   1.005763
ilr.fac1[11,1]   1.001382   1.005486


And here are the Gelman diagnostics for all variables:

               Point est. Upper C.I.
deviance        1.0006006  1.0011301
ilr.fac1[1,1]         NaN        NaN
ilr.fac1[1,2]         NaN        NaN
ilr.fac1[1,3]         NaN        NaN
ilr.fac1[10,1]  1.0001965  1.0010666
ilr.fac1[10,2]  1.0004968  1.0026168
ilr.fac1[10,3]  0.9998794  1.0005764
ilr.fac1[11,1]  1.0013819  1.0054861
ilr.fac1[11,2]  1.0003563  1.0023566
ilr.fac1[11,3]  1.0025640  1.0086419
ilr.fac1[12,1]  1.0001739  1.0018713
ilr.fac1[12,2]  1.0004048  1.0025508
ilr.fac1[12,3]  0.9996710  0.9999893
ilr.fac1[13,1]  1.0002334  1.0017545
ilr.fac1[13,2]  1.0014774  1.0028922
ilr.fac1[13,3]  1.0013147  1.0051689
ilr.fac1[14,1]  1.0010730  1.0035488
ilr.fac1[14,2]  1.0003968  1.0009697
ilr.fac1[14,3]  1.0001451  1.0015087
ilr.fac1[15,1]  0.9996187  0.9998361
ilr.fac1[15,2]  1.0006412  1.0017474
ilr.fac1[15,3]  0.9999605  1.0005170
ilr.fac1[2,1]   1.0009644  1.0045764
ilr.fac1[2,2]   1.0005365  1.0025054
ilr.fac1[2,3]   0.9998144  1.0002989
ilr.fac1[3,1]   1.0005999  1.0033011
ilr.fac1[3,2]   1.0001564  1.0003234
ilr.fac1[3,3]   1.0005229  1.0019414
ilr.fac1[4,1]   1.0002281  1.0007846
ilr.fac1[4,2]   1.0006800  1.0015168
ilr.fac1[4,3]   0.9999015  1.0006521
ilr.fac1[5,1]   1.0006312  1.0018800
ilr.fac1[5,2]   1.0004022  1.0021706
ilr.fac1[5,3]   0.9997503  1.0002681
ilr.fac1[6,1]   1.0015957  1.0071486
ilr.fac1[6,2]   1.0000716  1.0013852
ilr.fac1[6,3]   0.9999192  1.0006036
ilr.fac1[7,1]   0.9999445  1.0011359
ilr.fac1[7,2]   1.0002142  1.0020127
ilr.fac1[7,3]   1.0007175  1.0030868
ilr.fac1[8,1]   0.9997871  1.0003901
ilr.fac1[8,2]   1.0001583  1.0011281
ilr.fac1[8,3]   1.0000498  1.0014617
ilr.fac1[9,1]   0.9996731  0.9998826
ilr.fac1[9,2]   1.0014262  1.0057629
ilr.fac1[9,3]   1.0006066  1.0030812
ilr.fac2[1,1]         NaN        NaN
ilr.fac2[1,2]         NaN        NaN
ilr.fac2[1,3]         NaN        NaN
ilr.fac2[2,1]   0.9996108  0.9998117
ilr.fac2[2,2]   0.9998012  0.9998242
ilr.fac2[2,3]   0.9998867  1.0008583
ilr.global[1]   0.9998749  1.0008646
ilr.global[2]   1.0046058  1.0095761
ilr.global[3]   1.0001658  1.0010602
loglik[1]       0.9997639  1.0004246
loglik[10]      1.0011557  1.0051094
loglik[11]      1.0009268  1.0014972
loglik[12]      1.0011193  1.0027185
loglik[13]      1.0003142  1.0014720
loglik[14]      1.0011741  1.0022312
loglik[15]      1.0006746  1.0035318
loglik[16]      0.9996866  1.0000349
loglik[17]      1.0018221  1.0040183
loglik[2]       1.0009457  1.0020712
loglik[3]       1.0004156  1.0025905
loglik[4]       1.0045548  1.0064697
loglik[5]       1.0004537  1.0025031
loglik[6]       1.0022836  1.0043611
loglik[7]       0.9999561  1.0000941
loglik[8]       1.0034180  1.0074508
loglik[9]       0.9999221  1.0007701
p.global[1]     1.0003133  1.0011392
p.global[2]     1.0010401  1.0023746
p.global[3]     1.0000253  1.0011892
p.global[4]     0.9998899  1.0000688

################################################################################
# Geweke Diagnostic
################################################################################

The Geweke diagnostic is a standard z-score, so we'd expect 5% to be outside +/-1.96
Number of variables outside +/-1.96 in each chain (out of 
76
):


       Chain 1 Chain 2 Chain 3
Geweke      11       5       6


And here are the Geweke diagnostics for all variables:

               chain1 chain2 chain3
deviance        2.594 -0.254 -1.350
ilr.fac1[10,1] -0.262 -0.059 -0.644
ilr.fac1[10,2]  2.284 -1.956  0.224
ilr.fac1[10,3] -1.292 -1.284 -0.191
ilr.fac1[11,1] -2.465  0.707  1.167
ilr.fac1[11,2] -1.021 -0.534  0.542
ilr.fac1[11,3]  1.683 -1.103 -0.606
ilr.fac1[12,1] -0.632 -1.746  0.155
ilr.fac1[12,2]  1.044 -1.197  1.108
ilr.fac1[12,3]  0.227  1.052 -1.044
ilr.fac1[13,1]  0.016 -0.710 -0.642
ilr.fac1[13,2]  1.099  0.985 -1.206
ilr.fac1[13,3]  2.198 -1.076 -1.276
ilr.fac1[14,1]  0.126 -2.232  0.192
ilr.fac1[14,2]  1.772 -1.336 -2.007
ilr.fac1[14,3] -0.369 -1.175  0.722
ilr.fac1[15,1]  0.814  0.045  1.494
ilr.fac1[15,2]  0.086  0.671 -1.040
ilr.fac1[15,3]  0.303  0.201  0.013
ilr.fac1[2,1]  -0.087  0.426  0.176
ilr.fac1[2,2]  -0.245  0.449  0.246
ilr.fac1[2,3]   1.775  0.077 -0.979
ilr.fac1[3,1]   1.867 -0.258  0.834
ilr.fac1[3,2]  -0.908  0.111 -2.475
ilr.fac1[3,3]  -0.044 -0.081 -1.046
ilr.fac1[4,1]   0.965 -1.759  1.112
ilr.fac1[4,2]  -0.888  0.524  1.045
ilr.fac1[4,3]   1.115 -0.385 -1.527
ilr.fac1[5,1]   0.058 -2.980 -0.963
ilr.fac1[5,2]   1.185  0.867 -1.347
ilr.fac1[5,3]  -1.562  1.263 -0.424
ilr.fac1[6,1]   0.552 -0.307  0.166
ilr.fac1[6,2]   0.208  2.024 -1.460
ilr.fac1[6,3]   0.477 -0.013  0.324
ilr.fac1[7,1]  -0.318  0.284  0.823
ilr.fac1[7,2]  -1.336 -1.067  0.005
ilr.fac1[7,3]  -0.385  0.198  0.108
ilr.fac1[8,1]  -2.208 -1.484 -0.124
ilr.fac1[8,2]   0.741  0.382 -0.552
ilr.fac1[8,3]   1.387  0.179  0.097
ilr.fac1[9,1]  -2.536  0.385  0.841
ilr.fac1[9,2]   0.363  0.916 -0.060
ilr.fac1[9,3]  -1.010 -1.603 -0.729
ilr.fac2[2,1]  -1.062 -0.498 -0.010
ilr.fac2[2,2]  -0.181  0.483 -2.196
ilr.fac2[2,3]   2.307  1.098 -0.785
ilr.global[1]   2.106  0.680 -1.970
ilr.global[2]  -2.116 -0.977  0.114
ilr.global[3]   0.210  2.393  0.201
loglik[1]      -1.198  0.653 -0.133
loglik[10]     -0.347  0.668 -0.158
loglik[11]     -1.530 -0.092 -0.525
loglik[12]     -0.501 -0.436  1.529
loglik[13]     -1.670 -0.915  1.755
loglik[14]     -0.659  0.636  0.408
loglik[15]     -1.335 -0.345  0.433
loglik[16]     -1.087  2.059  0.985
loglik[17]      0.145  1.343 -2.268
loglik[2]      -1.015  0.372  1.252
loglik[3]      -0.256  0.427 -0.145
loglik[4]      -0.607 -1.057  0.828
loglik[5]      -1.278 -1.438  0.555
loglik[6]       0.558 -0.409  1.471
loglik[7]      -0.456 -0.497  0.231
loglik[8]      -2.174  0.289  2.137
loglik[9]      -0.855 -0.865 -0.038
p.global[1]     0.988  1.656 -1.429
p.global[2]    -2.731 -1.020  0.820
p.global[3]     1.237  0.481  0.146
p.global[4]    -1.146 -1.800  1.172
