
################################################################################
# Gelman-Rubin Diagnostic
################################################################################

Generally the Gelman diagnostic should be < 1.05


Out of 129 variables: 1 > 1.01

                      
0 > 1.05

                      
0 > 1.1


The worst variables are:

               Point est. Upper C.I.
ilr.fac2[4,1]    1.010043   1.010176
fac2.sig         1.009700   1.027725
ilr.fac2[4,2]    1.008788   1.010517
p.fac1[1,3]      1.008542   1.025487
p.global[3]      1.008542   1.025487
ilr.fac2[17,3]   1.008174   1.011243
ilr.fac2[14,2]   1.007965   1.009665
ilr.fac2[10,3]   1.007392   1.021975
loglik[5]        1.007243   1.024315
deviance         1.007209   1.025361


And here are the Gelman diagnostics for all variables:

               Point est. Upper C.I.
deviance        1.0072095  1.0253610
fac2.sig        1.0096999  1.0277250
ilr.fac1[1,1]         NaN        NaN
ilr.fac1[1,2]         NaN        NaN
ilr.fac1[1,3]         NaN        NaN
ilr.fac1[2,1]   1.0012003  1.0039671
ilr.fac1[2,2]   1.0007740  1.0018179
ilr.fac1[2,3]   1.0005959  1.0021577
ilr.fac2[1,1]   1.0024892  1.0029716
ilr.fac2[1,2]   1.0064234  1.0106615
ilr.fac2[1,3]   1.0049687  1.0071752
ilr.fac2[10,1]  1.0034164  1.0072159
ilr.fac2[10,2]  1.0008474  1.0019178
ilr.fac2[10,3]  1.0073923  1.0219747
ilr.fac2[11,1]  1.0002135  1.0012399
ilr.fac2[11,2]  1.0013426  1.0016654
ilr.fac2[11,3]  1.0023086  1.0051473
ilr.fac2[12,1]  1.0026047  1.0045794
ilr.fac2[12,2]  1.0007337  1.0011714
ilr.fac2[12,3]  1.0045369  1.0148553
ilr.fac2[13,1]  1.0015791  1.0018950
ilr.fac2[13,2]  1.0002670  1.0003783
ilr.fac2[13,3]  1.0005693  1.0033259
ilr.fac2[14,1]  1.0015456  1.0025400
ilr.fac2[14,2]  1.0079646  1.0096646
ilr.fac2[14,3]  1.0043420  1.0071135
ilr.fac2[15,1]  1.0005075  1.0007521
ilr.fac2[15,2]  1.0009321  1.0021337
ilr.fac2[15,3]  1.0004632  1.0022527
ilr.fac2[16,1]  1.0028270  1.0031396
ilr.fac2[16,2]  1.0028349  1.0081756
ilr.fac2[16,3]  1.0034272  1.0064047
ilr.fac2[17,1]  1.0020675  1.0080991
ilr.fac2[17,2]  1.0011239  1.0013785
ilr.fac2[17,3]  1.0081737  1.0112426
ilr.fac2[18,1]  1.0010497  1.0029434
ilr.fac2[18,2]  1.0011612  1.0026259
ilr.fac2[18,3]  1.0009208  1.0021591
ilr.fac2[19,1]  1.0001503  1.0002726
ilr.fac2[19,2]  1.0023876  1.0034477
ilr.fac2[19,3]  1.0061066  1.0144193
ilr.fac2[2,1]   1.0013530  1.0026624
ilr.fac2[2,2]   1.0007901  1.0008653
ilr.fac2[2,3]   1.0007173  1.0026596
ilr.fac2[20,1]  1.0013022  1.0020231
ilr.fac2[20,2]  1.0014236  1.0036168
ilr.fac2[20,3]  1.0041973  1.0047509
ilr.fac2[21,1]  1.0031607  1.0039992
ilr.fac2[21,2]  1.0014290  1.0039412
ilr.fac2[21,3]  1.0019112  1.0075258
ilr.fac2[22,1]  1.0046097  1.0159470
ilr.fac2[22,2]  1.0013163  1.0054476
ilr.fac2[22,3]  1.0019386  1.0058330
ilr.fac2[23,1]  1.0012385  1.0012905
ilr.fac2[23,2]  1.0004584  1.0022693
ilr.fac2[23,3]  1.0019908  1.0077306
ilr.fac2[24,1]  1.0005993  1.0006873
ilr.fac2[24,2]  1.0028606  1.0042027
ilr.fac2[24,3]  1.0033662  1.0107403
ilr.fac2[3,1]   1.0028382  1.0031264
ilr.fac2[3,2]   0.9999284  1.0005160
ilr.fac2[3,3]   1.0021529  1.0063791
ilr.fac2[4,1]   1.0100425  1.0101763
ilr.fac2[4,2]   1.0087881  1.0105170
ilr.fac2[4,3]   1.0053663  1.0146604
ilr.fac2[5,1]   1.0048344  1.0105930
ilr.fac2[5,2]   1.0006044  1.0012153
ilr.fac2[5,3]   1.0024392  1.0066487
ilr.fac2[6,1]   1.0002846  1.0004383
ilr.fac2[6,2]   1.0025401  1.0034718
ilr.fac2[6,3]   1.0013784  1.0036372
ilr.fac2[7,1]   1.0007460  1.0011281
ilr.fac2[7,2]   1.0010257  1.0010603
ilr.fac2[7,3]   1.0036175  1.0087759
ilr.fac2[8,1]   1.0061149  1.0107889
ilr.fac2[8,2]   1.0009093  1.0030341
ilr.fac2[8,3]   1.0037859  1.0126877
ilr.fac2[9,1]   1.0017992  1.0018256
ilr.fac2[9,2]   1.0037082  1.0041140
ilr.fac2[9,3]   1.0019118  1.0077590
ilr.global[1]   1.0027608  1.0083127
ilr.global[2]   1.0059620  1.0226131
ilr.global[3]   1.0020356  1.0028551
loglik[1]       1.0019446  1.0052630
loglik[10]      1.0031933  1.0122338
loglik[11]      1.0011253  1.0038959
loglik[12]      1.0031080  1.0032082
loglik[13]      1.0002888  1.0009220
loglik[14]      1.0040070  1.0100298
loglik[15]      1.0018656  1.0079264
loglik[16]      1.0004018  1.0004514
loglik[17]      1.0014865  1.0052089
loglik[18]      1.0024384  1.0073381
loglik[19]      1.0003315  1.0024081
loglik[2]       1.0014452  1.0059221
loglik[20]      1.0014059  1.0028056
loglik[21]      1.0020428  1.0039882
loglik[22]      1.0023437  1.0080285
loglik[23]      1.0016434  1.0056851
loglik[24]      1.0010819  1.0011170
loglik[25]      1.0008755  1.0011158
loglik[26]      1.0037541  1.0078276
loglik[27]      1.0050889  1.0100899
loglik[28]      1.0022961  1.0024657
loglik[29]      1.0016819  1.0033885
loglik[3]       1.0007790  1.0021697
loglik[30]      1.0009123  1.0009665
loglik[31]      0.9995783  0.9997183
loglik[32]      1.0035481  1.0082514
loglik[4]       1.0031220  1.0119343
loglik[5]       1.0072428  1.0243153
loglik[6]       1.0037149  1.0130340
loglik[7]       1.0003927  1.0022702
loglik[8]       1.0038023  1.0053593
loglik[9]       1.0003538  1.0006394
p.fac1[1,1]     1.0019268  1.0079727
p.fac1[1,2]     1.0005174  1.0027416
p.fac1[1,3]     1.0085419  1.0254868
p.fac1[1,4]     1.0000957  1.0007657
p.fac1[2,1]     1.0042625  1.0164506
p.fac1[2,2]     1.0002393  1.0012593
p.fac1[2,3]     1.0052548  1.0200660
p.fac1[2,4]     1.0003743  1.0013400
p.global[1]     1.0019268  1.0079727
p.global[2]     1.0005174  1.0027416
p.global[3]     1.0085419  1.0254868
p.global[4]     1.0000957  1.0007657
resid.prop[1]   1.0019976  1.0061203
resid.prop[2]   1.0016872  1.0020578

################################################################################
# Geweke Diagnostic
################################################################################

The Geweke diagnostic is a standard z-score, so we'd expect 5% to be outside +/-1.96
Number of variables outside +/-1.96 in each chain (out of 
129
):


       Chain 1 Chain 2 Chain 3
Geweke      22      10       8


And here are the Geweke diagnostics for all variables:

               chain1 chain2 chain3
deviance        0.653  0.965  0.686
fac2.sig       -1.481 -0.967  0.120
ilr.fac1[2,1]  -1.983 -0.088 -0.291
ilr.fac1[2,2]   0.451  0.375  2.023
ilr.fac1[2,3]  -1.098  0.291  1.418
ilr.fac2[1,1]  -2.015 -0.769  0.040
ilr.fac2[1,2]  -0.404  0.753  1.097
ilr.fac2[1,3]  -2.259 -0.379  0.418
ilr.fac2[10,1]  0.062 -0.459  0.574
ilr.fac2[10,2]  0.132 -1.152  0.304
ilr.fac2[10,3] -0.775 -0.696  0.516
ilr.fac2[11,1]  2.438 -0.369  1.984
ilr.fac2[11,2]  1.175  0.130 -0.841
ilr.fac2[11,3] -3.257  0.735  0.301
ilr.fac2[12,1]  0.890 -1.022 -0.493
ilr.fac2[12,2] -0.361  0.661 -1.661
ilr.fac2[12,3] -2.873 -1.220  0.925
ilr.fac2[13,1]  0.755 -1.135  0.351
ilr.fac2[13,2] -0.240 -2.051  0.497
ilr.fac2[13,3]  0.905 -1.338  0.146
ilr.fac2[14,1] -0.459 -1.675  0.612
ilr.fac2[14,2] -2.450 -0.371 -1.819
ilr.fac2[14,3]  0.211  0.355  1.215
ilr.fac2[15,1]  0.435 -0.452 -0.061
ilr.fac2[15,2]  0.491  0.344 -0.800
ilr.fac2[15,3] -3.209 -0.037 -0.624
ilr.fac2[16,1]  1.416  0.550 -0.238
ilr.fac2[16,2]  1.202  0.573  0.907
ilr.fac2[16,3] -2.991 -0.330  1.033
ilr.fac2[17,1]  2.231 -0.585  0.725
ilr.fac2[17,2]  0.681  0.235  0.407
ilr.fac2[17,3] -1.069 -0.162  1.020
ilr.fac2[18,1]  1.257  0.744  0.030
ilr.fac2[18,2] -0.539 -0.513  1.462
ilr.fac2[18,3]  0.058  1.776  0.123
ilr.fac2[19,1]  1.708 -0.728  0.055
ilr.fac2[19,2] -0.867 -1.423  0.935
ilr.fac2[19,3] -0.673  0.226 -0.669
ilr.fac2[2,1]  -1.121 -1.048  1.299
ilr.fac2[2,2]  -0.552  2.191 -1.253
ilr.fac2[2,3]   1.069  0.179 -1.161
ilr.fac2[20,1] -0.016 -0.313 -1.232
ilr.fac2[20,2] -1.345  0.849  0.176
ilr.fac2[20,3] -0.588 -0.102 -0.736
ilr.fac2[21,1]  0.599 -1.051 -1.075
ilr.fac2[21,2] -1.851 -0.586  0.454
ilr.fac2[21,3]  0.721  1.364  0.812
ilr.fac2[22,1] -0.397  0.349  0.480
ilr.fac2[22,2] -0.614 -2.572 -0.040
ilr.fac2[22,3]  0.127 -0.762  0.013
ilr.fac2[23,1] -3.047  0.073 -0.024
ilr.fac2[23,2] -0.641 -1.147  0.679
ilr.fac2[23,3]  2.601  0.188  0.419
ilr.fac2[24,1] -1.580  0.462  0.020
ilr.fac2[24,2]  2.013  0.211 -0.481
ilr.fac2[24,3]  1.390  1.322 -0.363
ilr.fac2[3,1]   3.445  0.161 -0.914
ilr.fac2[3,2]   1.432  1.995  0.255
ilr.fac2[3,3]   0.175  0.520  0.772
ilr.fac2[4,1]   1.437 -0.689 -0.477
ilr.fac2[4,2]  -1.085 -0.836 -0.355
ilr.fac2[4,3]   0.511  1.162  0.081
ilr.fac2[5,1]  -0.454  0.501 -1.148
ilr.fac2[5,2]  -1.139 -0.571  0.648
ilr.fac2[5,3]   0.805  0.286  0.130
ilr.fac2[6,1]   1.147  1.345 -0.961
ilr.fac2[6,2]   0.826 -2.049 -0.697
ilr.fac2[6,3]   3.180  1.237 -0.418
ilr.fac2[7,1]  -0.093 -0.581  0.939
ilr.fac2[7,2]  -0.719 -1.237 -0.599
ilr.fac2[7,3]  -0.057 -1.263  0.907
ilr.fac2[8,1]   0.020  1.179 -0.703
ilr.fac2[8,2]  -0.598 -2.152 -0.107
ilr.fac2[8,3]   1.133  1.411 -0.387
ilr.fac2[9,1]   0.372  0.340  0.913
ilr.fac2[9,2]   2.166  1.476  0.373
ilr.fac2[9,3]  -0.735 -0.964 -0.141
ilr.global[1]   1.229 -0.202  1.769
ilr.global[2]  -0.066  1.007 -1.372
ilr.global[3]  -0.438  0.946 -2.433
loglik[1]      -0.919 -0.374  0.068
loglik[10]     -0.925 -0.923  0.922
loglik[11]     -3.298 -1.295 -0.042
loglik[12]      1.597  1.023 -0.144
loglik[13]     -0.700 -0.780 -1.804
loglik[14]     -0.252 -0.252 -0.212
loglik[15]     -0.444 -0.187 -0.083
loglik[16]     -1.618  0.258  0.028
loglik[17]     -0.599 -2.754  0.190
loglik[18]     -0.516 -0.611 -0.483
loglik[19]     -0.523 -1.270  1.290
loglik[2]      -0.957 -0.245 -0.069
loglik[20]     -3.746 -1.118 -1.438
loglik[21]      0.320  2.187 -0.590
loglik[22]      1.197  1.099  0.094
loglik[23]     -2.888  0.564 -0.148
loglik[24]     -1.503 -0.743 -1.025
loglik[25]     -2.749 -2.376 -1.183
loglik[26]      3.059  0.209 -2.216
loglik[27]     -0.514 -0.053  0.030
loglik[28]      0.090 -0.517  0.553
loglik[29]     -0.263 -0.962 -0.168
loglik[3]      -0.616  0.454 -1.596
loglik[30]      0.555  1.288 -1.009
loglik[31]      0.395  2.624 -0.839
loglik[32]     -0.026 -0.022 -0.451
loglik[4]      -0.946 -0.843 -0.062
loglik[5]      -1.036 -1.229  1.347
loglik[6]      -1.638 -1.783 -1.434
loglik[7]      -0.348  0.423  0.273
loglik[8]      -2.324 -0.906 -0.675
loglik[9]      -1.063 -0.180  0.067
p.fac1[1,1]     1.693  0.603  0.883
p.fac1[1,2]    -0.465  0.990 -1.661
p.fac1[1,3]    -1.098 -0.675  0.657
p.fac1[1,4]    -0.207 -1.287  2.635
p.fac1[2,1]     1.266  0.919  1.236
p.fac1[2,2]    -0.538  1.094 -2.279
p.fac1[2,3]    -1.241 -1.046 -0.431
p.fac1[2,4]     0.863 -1.424  2.081
p.global[1]     1.693  0.603  0.883
p.global[2]    -0.465  0.990 -1.661
p.global[3]    -1.098 -0.675  0.657
p.global[4]    -0.207 -1.287  2.635
resid.prop[1]  -0.888  0.304  0.209
resid.prop[2]   1.023  0.447 -0.743
