
################################################################################
# Gelman-Rubin Diagnostic
################################################################################

Generally the Gelman diagnostic should be < 1.05


Out of 84 variables: 14 > 1.01

                      
0 > 1.05

                      
0 > 1.1


The worst variables are:

               Point est. Upper C.I.
ilr.fac2[12,2]   1.038347   1.050229
ilr.fac2[9,3]    1.018860   1.026448
ilr.fac2[1,3]    1.018321   1.026030
fac2.sig         1.018169   1.024357
ilr.fac2[4,3]    1.016699   1.021232
ilr.fac2[9,2]    1.014834   1.017949
ilr.fac2[12,3]   1.013384   1.013961
ilr.fac2[1,2]    1.013349   1.015920
ilr.fac2[8,3]    1.012228   1.013564
ilr.fac2[7,2]    1.011985   1.012246


And here are the Gelman diagnostics for all variables:

               Point est. Upper C.I.
deviance        0.9999310   1.000017
fac2.sig        1.0181695   1.024357
ilr.fac1[1,1]         NaN        NaN
ilr.fac1[1,2]         NaN        NaN
ilr.fac1[1,3]         NaN        NaN
ilr.fac1[2,1]   1.0024638   1.008263
ilr.fac1[2,2]   1.0007772   1.003627
ilr.fac1[2,3]   1.0007328   1.003073
ilr.fac2[1,1]   1.0075186   1.011046
ilr.fac2[1,2]   1.0133495   1.015920
ilr.fac2[1,3]   1.0183207   1.026030
ilr.fac2[10,1]  1.0008296   1.001041
ilr.fac2[10,2]  1.0088255   1.012058
ilr.fac2[10,3]  1.0078081   1.010504
ilr.fac2[11,1]  1.0111725   1.011334
ilr.fac2[11,2]  1.0091215   1.012309
ilr.fac2[11,3]  1.0077574   1.009049
ilr.fac2[12,1]  1.0073702   1.008724
ilr.fac2[12,2]  1.0383474   1.050229
ilr.fac2[12,3]  1.0133840   1.013961
ilr.fac2[13,1]  1.0086253   1.013696
ilr.fac2[13,2]  1.0026233   1.003647
ilr.fac2[13,3]  1.0045155   1.004727
ilr.fac2[14,1]  1.0039799   1.007542
ilr.fac2[14,2]  1.0114911   1.016438
ilr.fac2[14,3]  1.0005124   1.000641
ilr.fac2[2,1]   1.0042256   1.006702
ilr.fac2[2,2]   1.0021919   1.004132
ilr.fac2[2,3]   1.0102743   1.011277
ilr.fac2[3,1]   1.0081046   1.009315
ilr.fac2[3,2]   1.0024143   1.002584
ilr.fac2[3,3]   1.0033396   1.004092
ilr.fac2[4,1]   1.0040610   1.006120
ilr.fac2[4,2]   1.0032536   1.003310
ilr.fac2[4,3]   1.0166986   1.021232
ilr.fac2[5,1]   1.0088348   1.012992
ilr.fac2[5,2]   1.0063221   1.007597
ilr.fac2[5,3]   1.0057003   1.009400
ilr.fac2[6,1]   1.0093899   1.014391
ilr.fac2[6,2]   1.0021508   1.003849
ilr.fac2[6,3]   1.0063788   1.012934
ilr.fac2[7,1]   1.0093994   1.010014
ilr.fac2[7,2]   1.0119848   1.012246
ilr.fac2[7,3]   1.0117324   1.013236
ilr.fac2[8,1]   1.0053834   1.006628
ilr.fac2[8,2]   1.0004765   1.001005
ilr.fac2[8,3]   1.0122285   1.013564
ilr.fac2[9,1]   1.0077041   1.008590
ilr.fac2[9,2]   1.0148339   1.017949
ilr.fac2[9,3]   1.0188602   1.026448
ilr.global[1]   1.0076024   1.012525
ilr.global[2]   1.0089255   1.016455
ilr.global[3]   1.0091292   1.029835
loglik[1]       0.9998558   1.000524
loglik[10]      1.0007574   1.001921
loglik[11]      1.0002251   1.001364
loglik[12]      1.0027569   1.007846
loglik[13]      1.0014267   1.004121
loglik[14]      1.0008891   1.003990
loglik[15]      1.0018947   1.004947
loglik[16]      1.0023404   1.003701
loglik[17]      1.0008032   1.002621
loglik[2]       1.0012023   1.005093
loglik[3]       0.9998876   1.000787
loglik[4]       1.0011800   1.002758
loglik[5]       1.0013359   1.002901
loglik[6]       1.0019166   1.005706
loglik[7]       1.0004803   1.002066
loglik[8]       1.0004773   1.000624
loglik[9]       1.0002119   1.001027
p.fac1[1,1]     1.0026312   1.009261
p.fac1[1,2]     1.0021098   1.007177
p.fac1[1,3]     1.0005832   1.002557
p.fac1[1,4]     1.0054181   1.019329
p.fac1[2,1]     1.0039661   1.014996
p.fac1[2,2]     1.0007602   1.003617
p.fac1[2,3]     1.0003504   1.002542
p.fac1[2,4]     1.0028941   1.011021
p.global[1]     1.0026312   1.009261
p.global[2]     1.0021098   1.007177
p.global[3]     1.0005832   1.002557
p.global[4]     1.0054181   1.019329
resid.prop[1]   1.0022681   1.009256
resid.prop[2]   1.0008812   1.001877

################################################################################
# Geweke Diagnostic
################################################################################

The Geweke diagnostic is a standard z-score, so we'd expect 5% to be outside +/-1.96
Number of variables outside +/-1.96 in each chain (out of 
84
):


       Chain 1 Chain 2 Chain 3
Geweke      32       3      20


And here are the Geweke diagnostics for all variables:

               chain1 chain2 chain3
deviance        1.096  0.336  1.548
fac2.sig       -5.345 -0.563 -2.172
ilr.fac1[2,1]  -3.112 -1.593 -0.558
ilr.fac1[2,2]  -0.880  0.632 -1.755
ilr.fac1[2,3]   1.946  0.774  0.005
ilr.fac2[1,1]   2.568  1.305 -0.671
ilr.fac2[1,2]   0.978 -0.174  2.226
ilr.fac2[1,3]   0.180 -0.028  1.842
ilr.fac2[10,1] -2.621 -0.352 -1.810
ilr.fac2[10,2] -5.302 -0.469 -2.539
ilr.fac2[10,3] -1.798  0.059 -1.864
ilr.fac2[11,1] -0.174  0.587  0.587
ilr.fac2[11,2]  0.987 -0.157  0.976
ilr.fac2[11,3]  1.216 -1.026  1.001
ilr.fac2[12,1] -0.671 -1.722 -0.196
ilr.fac2[12,2]  1.619 -0.369  2.724
ilr.fac2[12,3] -1.341 -0.115  0.974
ilr.fac2[13,1] -1.712  0.196 -1.582
ilr.fac2[13,2]  1.412 -1.008  1.257
ilr.fac2[13,3] -0.096 -0.583  0.018
ilr.fac2[14,1] -0.705  0.270 -1.485
ilr.fac2[14,2]  2.979  0.914  3.334
ilr.fac2[14,3] -2.058 -1.207 -1.789
ilr.fac2[2,1]  -2.281  1.266 -0.926
ilr.fac2[2,2]   0.882  0.262  1.052
ilr.fac2[2,3]   0.409 -0.393  1.878
ilr.fac2[3,1]   3.175  0.986 -0.370
ilr.fac2[3,2]   1.492  0.881 -0.454
ilr.fac2[3,3]   2.805  1.670  2.081
ilr.fac2[4,1]   3.734  0.402 -0.207
ilr.fac2[4,2]   0.028 -1.203 -0.680
ilr.fac2[4,3]   1.569 -0.371  2.677
ilr.fac2[5,1]  -4.351 -0.427 -2.157
ilr.fac2[5,2]  -2.863 -0.185 -3.333
ilr.fac2[5,3]  -4.151 -0.549 -1.907
ilr.fac2[6,1]  -2.495 -0.524 -2.158
ilr.fac2[6,2]  -2.429  0.099 -2.267
ilr.fac2[6,3]  -1.571 -0.284 -1.348
ilr.fac2[7,1]   3.372  0.435  0.092
ilr.fac2[7,2]   2.635 -0.530  1.515
ilr.fac2[7,3]   1.937  0.113 -0.300
ilr.fac2[8,1]   0.901 -1.200 -0.560
ilr.fac2[8,2]   2.928  0.325  2.899
ilr.fac2[8,3]  -1.458  0.127  0.903
ilr.fac2[9,1]   0.278  0.508 -1.627
ilr.fac2[9,2]  -3.194 -0.250 -1.175
ilr.fac2[9,3]  -1.339 -0.034 -1.146
ilr.global[1]   0.085 -0.508  0.496
ilr.global[2]   2.506  0.183  3.034
ilr.global[3]   0.285  1.668 -0.331
loglik[1]       2.223 -0.473 -0.262
loglik[10]     -2.119 -0.065 -0.658
loglik[11]     -4.110 -0.842 -1.252
loglik[12]      4.827  0.659  0.099
loglik[13]     -1.291 -0.385 -0.610
loglik[14]      2.440  1.826  0.691
loglik[15]      0.025  0.832 -0.082
loglik[16]      1.369  0.346 -1.102
loglik[17]     -2.013 -0.572 -0.107
loglik[2]       0.198  0.238 -2.688
loglik[3]       2.679  0.205  2.949
loglik[4]      -0.906 -0.616 -1.798
loglik[5]      -0.868 -0.575 -1.625
loglik[6]      -2.311  0.103 -3.367
loglik[7]      -0.893 -0.493 -1.127
loglik[8]       0.092 -1.259  0.044
loglik[9]      -1.721 -0.228 -1.156
p.fac1[1,1]     1.926  1.231  3.404
p.fac1[1,2]     0.110  0.484  0.361
p.fac1[1,3]    -3.012  0.218 -2.632
p.fac1[1,4]     0.241 -2.003 -0.230
p.fac1[2,1]     0.114  1.546  0.351
p.fac1[2,2]     0.780  1.404 -0.026
p.fac1[2,3]     0.063  0.752 -1.118
p.fac1[2,4]    -0.328 -1.942  0.225
p.global[1]     1.926  1.231  3.404
p.global[2]     0.110  0.484  0.361
p.global[3]    -3.012  0.218 -2.632
p.global[4]     0.241 -2.003 -0.230
resid.prop[1]   2.207 -0.287  1.372
resid.prop[2]  -1.870 -3.152  0.017
