
################################################################################
# Gelman-Rubin Diagnostic
################################################################################

Generally the Gelman diagnostic should be < 1.05


Out of 88 variables: 1 > 1.01

                      
0 > 1.05

                      
0 > 1.1


The worst variables are:

               Point est. Upper C.I.
ilr.global[3]    1.036861   1.083603
ilr.fac2[9,3]    1.009134   1.026395
ilr.fac2[13,2]   1.007472   1.017947
fac2.sig         1.006764   1.017060
p.fac1[2,4]      1.005432   1.008836
ilr.fac2[9,2]    1.004315   1.010915
ilr.fac2[7,3]    1.004082   1.015062
p.fac1[1,4]      1.003560   1.012209
p.global[4]      1.003560   1.012209
p.fac1[1,2]      1.003467   1.005969


And here are the Gelman diagnostics for all variables:

               Point est. Upper C.I.
deviance        1.0027329  1.0049298
fac2.sig        1.0067645  1.0170598
ilr.fac1[1,1]         NaN        NaN
ilr.fac1[1,2]         NaN        NaN
ilr.fac1[1,3]         NaN        NaN
ilr.fac1[2,1]   1.0004572  1.0005437
ilr.fac1[2,2]   1.0012602  1.0019240
ilr.fac1[2,3]   1.0023714  1.0092702
ilr.fac2[1,1]   1.0006710  1.0029086
ilr.fac2[1,2]   1.0006385  1.0035155
ilr.fac2[1,3]   1.0025900  1.0056159
ilr.fac2[10,1]  1.0017696  1.0030203
ilr.fac2[10,2]  1.0010429  1.0043359
ilr.fac2[10,3]  1.0016480  1.0041233
ilr.fac2[11,1]  1.0000225  1.0008290
ilr.fac2[11,2]  1.0007046  1.0012857
ilr.fac2[11,3]  1.0026771  1.0083413
ilr.fac2[12,1]  0.9995735  0.9996607
ilr.fac2[12,2]  1.0009303  1.0013759
ilr.fac2[12,3]  1.0007396  1.0034941
ilr.fac2[13,1]  1.0002940  1.0013286
ilr.fac2[13,2]  1.0074724  1.0179475
ilr.fac2[13,3]  1.0005602  1.0008353
ilr.fac2[14,1]  1.0022218  1.0084750
ilr.fac2[14,2]  1.0010315  1.0026515
ilr.fac2[14,3]  1.0004288  1.0018220
ilr.fac2[15,1]  1.0001432  1.0002415
ilr.fac2[15,2]  0.9999852  1.0004708
ilr.fac2[15,3]  1.0006544  1.0007074
ilr.fac2[2,1]   1.0026974  1.0034660
ilr.fac2[2,2]   1.0005525  1.0025708
ilr.fac2[2,3]   1.0009412  1.0046324
ilr.fac2[3,1]   1.0011329  1.0034847
ilr.fac2[3,2]   1.0024786  1.0066963
ilr.fac2[3,3]   1.0010063  1.0046918
ilr.fac2[4,1]   1.0019751  1.0048180
ilr.fac2[4,2]   1.0012816  1.0042154
ilr.fac2[4,3]   1.0004873  1.0017759
ilr.fac2[5,1]   1.0012320  1.0017780
ilr.fac2[5,2]   1.0009422  1.0028520
ilr.fac2[5,3]   1.0007272  1.0014365
ilr.fac2[6,1]   1.0009319  1.0039217
ilr.fac2[6,2]   1.0001800  1.0016645
ilr.fac2[6,3]   1.0010932  1.0021523
ilr.fac2[7,1]   1.0010420  1.0013477
ilr.fac2[7,2]   1.0006604  1.0022204
ilr.fac2[7,3]   1.0040822  1.0150622
ilr.fac2[8,1]   1.0005459  1.0015725
ilr.fac2[8,2]   1.0022381  1.0077497
ilr.fac2[8,3]   1.0028319  1.0081062
ilr.fac2[9,1]   1.0013651  1.0046867
ilr.fac2[9,2]   1.0043151  1.0109150
ilr.fac2[9,3]   1.0091344  1.0263952
ilr.global[1]   1.0016768  1.0043490
ilr.global[2]   1.0027919  1.0075257
ilr.global[3]   1.0368606  1.0836026
loglik[1]       1.0010546  1.0021495
loglik[10]      0.9998279  1.0003353
loglik[11]      1.0013887  1.0050211
loglik[12]      1.0017346  1.0052682
loglik[13]      1.0008145  1.0032730
loglik[14]      1.0004164  1.0005712
loglik[15]      1.0031623  1.0087273
loglik[16]      1.0003675  1.0007528
loglik[17]      1.0001724  1.0011517
loglik[18]      1.0012611  1.0046455
loglik[19]      1.0018759  1.0052595
loglik[2]       1.0008440  1.0044065
loglik[20]      1.0001118  1.0017249
loglik[3]       1.0016592  1.0048353
loglik[4]       1.0003004  1.0011898
loglik[5]       1.0034076  1.0069806
loglik[6]       0.9999597  1.0009035
loglik[7]       1.0000739  1.0013115
loglik[8]       1.0016225  1.0039650
loglik[9]       1.0001402  1.0017728
p.fac1[1,1]     1.0008031  1.0034621
p.fac1[1,2]     1.0034669  1.0059691
p.fac1[1,3]     1.0026376  1.0069619
p.fac1[1,4]     1.0035605  1.0122092
p.fac1[2,1]     1.0007917  1.0008850
p.fac1[2,2]     1.0006801  1.0028514
p.fac1[2,3]     1.0031185  1.0091332
p.fac1[2,4]     1.0054319  1.0088364
p.global[1]     1.0008031  1.0034621
p.global[2]     1.0034669  1.0059691
p.global[3]     1.0026376  1.0069619
p.global[4]     1.0035605  1.0122092

################################################################################
# Geweke Diagnostic
################################################################################

The Geweke diagnostic is a standard z-score, so we'd expect 5% to be outside +/-1.96
Number of variables outside +/-1.96 in each chain (out of 
88
):


       Chain 1 Chain 2 Chain 3
Geweke       5      17       2


And here are the Geweke diagnostics for all variables:

               chain1 chain2 chain3
deviance       -0.172 -0.146  1.500
fac2.sig        0.519 -2.242 -0.781
ilr.fac1[2,1]  -0.538 -0.434 -0.462
ilr.fac1[2,2]  -0.770 -0.937 -1.897
ilr.fac1[2,3]   1.202 -0.345  0.169
ilr.fac2[1,1]   2.029 -2.155  0.011
ilr.fac2[1,2]   0.153 -0.839 -0.093
ilr.fac2[1,3]   0.289  1.442  1.300
ilr.fac2[10,1]  0.234  1.594 -0.423
ilr.fac2[10,2] -1.066  2.749  1.594
ilr.fac2[10,3]  0.616 -0.697 -0.464
ilr.fac2[11,1]  1.289  0.451  0.125
ilr.fac2[11,2]  0.252  0.100 -0.239
ilr.fac2[11,3]  1.214 -0.528 -1.523
ilr.fac2[12,1] -0.762  0.578 -0.130
ilr.fac2[12,2] -2.478  2.643  1.393
ilr.fac2[12,3]  1.530 -1.214 -0.242
ilr.fac2[13,1] -0.845  0.277  0.097
ilr.fac2[13,2] -0.010 -2.343 -0.907
ilr.fac2[13,3] -0.520  0.145  0.982
ilr.fac2[14,1] -0.276 -1.973 -0.074
ilr.fac2[14,2]  2.427 -0.058  1.915
ilr.fac2[14,3]  1.413  0.095  0.093
ilr.fac2[15,1]  0.057  0.995 -1.132
ilr.fac2[15,2] -0.201  1.595  0.038
ilr.fac2[15,3]  1.643 -1.475 -0.129
ilr.fac2[2,1]  -0.963 -1.420 -0.217
ilr.fac2[2,2]   0.437  0.141  1.020
ilr.fac2[2,3]   0.522  0.090 -0.116
ilr.fac2[3,1]  -0.132  1.080 -0.324
ilr.fac2[3,2]   1.585 -0.618 -0.368
ilr.fac2[3,3]  -1.949  0.469 -0.497
ilr.fac2[4,1]  -0.236 -0.013  0.854
ilr.fac2[4,2]  -0.691  1.326 -0.529
ilr.fac2[4,3]  -0.161 -0.201  0.134
ilr.fac2[5,1]   1.614 -0.986 -0.483
ilr.fac2[5,2]   2.401  0.287 -0.328
ilr.fac2[5,3]  -2.014  1.176 -1.522
ilr.fac2[6,1]   0.342  0.561  0.311
ilr.fac2[6,2]  -0.459  0.221 -1.273
ilr.fac2[6,3]  -0.353 -0.392 -1.558
ilr.fac2[7,1]  -0.084  0.241  1.071
ilr.fac2[7,2]  -1.350  0.096 -1.944
ilr.fac2[7,3]  -0.578 -0.708 -0.395
ilr.fac2[8,1]   0.641  0.719 -0.444
ilr.fac2[8,2]  -0.977  2.750  1.269
ilr.fac2[8,3]   0.192 -0.276 -0.852
ilr.fac2[9,1]   1.248  2.482 -0.439
ilr.fac2[9,2]  -1.544  2.095 -0.205
ilr.fac2[9,3]   1.275  0.735 -1.742
ilr.global[1]   0.311 -0.171 -0.848
ilr.global[2]   0.913 -2.062 -1.178
ilr.global[3]  -1.050  0.786  0.423
loglik[1]       0.882  0.500 -0.106
loglik[10]      0.063  0.532 -0.410
loglik[11]     -0.554  1.094 -0.626
loglik[12]      0.624 -1.326 -0.914
loglik[13]      1.136  1.199  0.600
loglik[14]      1.500 -1.503  0.332
loglik[15]     -0.680 -1.644  1.106
loglik[16]     -0.592 -0.950 -0.725
loglik[17]      0.609 -0.323 -0.098
loglik[18]      0.944 -0.521 -0.026
loglik[19]     -1.367 -1.524 -0.598
loglik[2]       0.005  0.925  1.691
loglik[20]      0.776 -1.101 -1.096
loglik[3]       0.498  0.299  0.323
loglik[4]      -0.046 -0.259 -1.554
loglik[5]      -0.898 -0.121  0.059
loglik[6]       0.543 -0.249 -1.978
loglik[7]       0.309  1.424 -1.363
loglik[8]      -0.707  2.357 -1.542
loglik[9]      -0.954  0.738 -0.547
p.fac1[1,1]     0.465 -2.353 -1.338
p.fac1[1,2]     0.864 -1.391  0.231
p.fac1[1,3]    -0.893  2.068  1.097
p.fac1[1,4]     0.605 -1.562 -1.284
p.fac1[2,1]    -0.216 -0.931 -1.334
p.fac1[2,2]     0.272 -1.466 -0.311
p.fac1[2,3]    -0.132  2.371  1.732
p.fac1[2,4]    -0.107 -2.043 -2.018
p.global[1]     0.465 -2.353 -1.338
p.global[2]     0.864 -1.391  0.231
p.global[3]    -0.893  2.068  1.097
p.global[4]     0.605 -1.562 -1.284
