
#################################################################
# Summary Statistics
#################################################################

DIC = 188.4664

                       Mean    SD  2.5%    5%   25%   50%   75%   95% 97.5%
p.dry19.Epiphytes     0.708 0.219 0.033 0.072 0.678 0.770 0.838 0.911 0.933
p.wet19.Epiphytes     0.531 0.176 0.040 0.133 0.452 0.563 0.651 0.750 0.786
p.dry19.Mangrove      0.166 0.224 0.005 0.009 0.040 0.086 0.176 0.828 0.890
p.wet19.Mangrove      0.219 0.189 0.004 0.009 0.074 0.176 0.307 0.657 0.733
p.dry19.Phytoplankton 0.127 0.063 0.026 0.034 0.078 0.122 0.168 0.235 0.262
p.wet19.Phytoplankton 0.250 0.068 0.116 0.136 0.207 0.250 0.296 0.362 0.378
