
#################################################################
# Summary Statistics
#################################################################

DIC = 210.1756

                       Mean    SD  2.5%    5%   25%   50%   75%   95% 97.5%
p.dry19.Macroalgae    0.021 0.020 0.000 0.001 0.006 0.015 0.029 0.060 0.072
p.wet19.Macroalgae    0.020 0.024 0.000 0.000 0.003 0.011 0.028 0.073 0.089
p.dry19.Mangrove      0.016 0.015 0.000 0.001 0.005 0.012 0.023 0.047 0.057
p.wet19.Mangrove      0.028 0.036 0.000 0.000 0.003 0.013 0.040 0.108 0.131
p.dry19.Phytoplankton 0.963 0.024 0.902 0.915 0.950 0.968 0.981 0.992 0.995
p.wet19.Phytoplankton 0.952 0.042 0.848 0.868 0.930 0.964 0.984 0.997 0.998
