
#################################################################
# Summary Statistics
#################################################################

DIC = 511.7365

                              Mean    SD  2.5%    5%   25%   50%   75%   95% 97.5%
p.dry19.Epiphytic microalgae 0.645 0.083 0.488 0.512 0.588 0.643 0.702 0.785 0.808
p.wet19.Epiphytic microalgae 0.717 0.080 0.560 0.585 0.661 0.717 0.771 0.845 0.867
p.dry19.Red Mangrove         0.047 0.035 0.002 0.004 0.019 0.040 0.067 0.114 0.132
p.wet19.Red Mangrove         0.073 0.058 0.001 0.002 0.022 0.065 0.114 0.177 0.197
p.dry19.Seagrass             0.198 0.101 0.016 0.032 0.126 0.195 0.272 0.365 0.396
p.wet19.Seagrass             0.111 0.081 0.006 0.011 0.044 0.095 0.161 0.264 0.297
p.dry19.SPOM                 0.110 0.085 0.003 0.007 0.042 0.091 0.160 0.275 0.314
p.wet19.SPOM                 0.100 0.096 0.002 0.004 0.024 0.068 0.149 0.298 0.345
