
#################################################################
# Summary Statistics
#################################################################

DIC = 91.4014

                    Mean    SD  2.5%    5%   25%   50%   75%   95% 97.5%
p.dry19.Floc       0.367 0.177 0.029 0.058 0.234 0.380 0.499 0.646 0.694
p.wet19.Floc       0.133 0.095 0.007 0.014 0.055 0.116 0.192 0.308 0.347
p.dry19.Periphyton 0.588 0.165 0.283 0.327 0.467 0.580 0.708 0.871 0.908
p.wet19.Periphyton 0.848 0.095 0.629 0.675 0.787 0.862 0.924 0.974 0.983
p.dry19.Plant      0.045 0.048 0.001 0.002 0.011 0.029 0.062 0.147 0.180
p.wet19.Plant      0.019 0.024 0.000 0.001 0.004 0.011 0.025 0.069 0.088
