
#################################################################
# Summary Statistics
#################################################################

               2.5%   25%   50%   75% 97.5%
p.green.dry19 0.561 0.684 0.754 0.822 0.941
p.brown.dry19 0.059 0.178 0.246 0.316 0.439
p.green.wet19 0.635 0.753 0.818 0.881 0.973
p.brown.wet19 0.027 0.119 0.182 0.247 0.365

#################################################################
# Summary Statistics
#################################################################

               2.5%   25%   50%   75% 97.5%
p.green.dry19 0.563 0.680 0.748 0.819 0.939
p.brown.dry19 0.061 0.181 0.252 0.320 0.437
p.green.wet19 0.629 0.750 0.815 0.879 0.972
p.brown.wet19 0.028 0.121 0.185 0.250 0.371

#################################################################
# Summary Statistics
#################################################################

                    Mean    SD  2.5%   25%   50%   75% 97.5%
p.green.TS10.dry19 0.386 0.077 0.244 0.335 0.382 0.435 0.548
p.brown.TS10.dry19 0.614 0.077 0.452 0.565 0.618 0.665 0.756
p.green.TS11.dry19 0.735 0.097 0.532 0.670 0.739 0.804 0.906
p.brown.TS11.dry19 0.265 0.097 0.094 0.196 0.261 0.330 0.468
p.green.TS7.dry19  0.779 0.087 0.612 0.721 0.776 0.840 0.949
p.brown.TS7.dry19  0.221 0.087 0.051 0.160 0.224 0.279 0.388
p.green.TS9.dry19  0.889 0.062 0.746 0.853 0.900 0.936 0.976
p.brown.TS9.dry19  0.111 0.062 0.024 0.064 0.100 0.147 0.254
p.green.TS10.wet19 0.260 0.058 0.158 0.219 0.256 0.295 0.383
p.brown.TS10.wet19 0.740 0.058 0.617 0.705 0.744 0.781 0.842
p.green.TS11.wet19 0.619 0.084 0.463 0.561 0.616 0.675 0.793
p.brown.TS11.wet19 0.381 0.084 0.207 0.325 0.384 0.439 0.537
p.green.TS7.wet19  0.598 0.130 0.439 0.516 0.563 0.627 0.950
p.brown.TS7.wet19  0.402 0.130 0.050 0.373 0.437 0.484 0.561
p.green.TS9.wet19  0.818 0.077 0.654 0.765 0.826 0.876 0.948
p.brown.TS9.wet19  0.182 0.077 0.052 0.124 0.174 0.235 0.346

#################################################################
# Summary Statistics
#################################################################

               2.5%   25%   50%   75% 97.5%
p.green.dry19 0.561 0.683 0.752 0.823 0.936
p.brown.dry19 0.064 0.177 0.248 0.317 0.439
p.green.wet19 0.639 0.756 0.821 0.884 0.972
p.brown.wet19 0.028 0.116 0.179 0.244 0.361

#################################################################
# Summary Statistics
#################################################################

               2.5%   25%   50%   75% 97.5%
p.green.dry19 0.560 0.683 0.755 0.829 0.937
p.brown.dry19 0.063 0.171 0.245 0.317 0.440
p.green.wet19 0.631 0.754 0.820 0.883 0.973
p.brown.wet19 0.027 0.117 0.180 0.246 0.369

#################################################################
# Summary Statistics
#################################################################

               2.5%   25%   50%   75% 97.5%
p.green.dry19 0.562 0.681 0.751 0.824 0.939
p.brown.dry19 0.061 0.176 0.249 0.319 0.438
p.green.wet19 0.630 0.749 0.818 0.883 0.971
p.brown.wet19 0.029 0.117 0.182 0.251 0.370

#################################################################
# Summary Statistics
#################################################################

               2.5%   25%   50%   75% 97.5%
p.green.dry19 0.562 0.683 0.748 0.818 0.938
p.brown.dry19 0.062 0.182 0.252 0.317 0.438
p.green.wet19 0.641 0.754 0.818 0.884 0.975
p.brown.wet19 0.025 0.116 0.182 0.246 0.359

#################################################################
# Summary Statistics
#################################################################

                    Mean    SD  2.5%   25%   50%   75% 97.5%
p.green.TS10.dry19 0.383 0.077 0.241 0.330 0.380 0.431 0.541
p.brown.TS10.dry19 0.617 0.077 0.459 0.569 0.620 0.670 0.759
p.green.TS11.dry19 0.735 0.096 0.528 0.670 0.739 0.807 0.901
p.brown.TS11.dry19 0.265 0.096 0.099 0.193 0.261 0.330 0.472
p.green.TS7.dry19  0.774 0.088 0.608 0.712 0.772 0.833 0.949
p.brown.TS7.dry19  0.226 0.088 0.051 0.167 0.228 0.288 0.392
p.green.TS9.dry19  0.888 0.061 0.741 0.854 0.899 0.934 0.975
p.brown.TS9.dry19  0.112 0.061 0.025 0.066 0.101 0.146 0.259
p.green.TS10.wet19 0.258 0.060 0.153 0.216 0.252 0.295 0.385
p.brown.TS10.wet19 0.742 0.060 0.615 0.705 0.748 0.784 0.847
p.green.TS11.wet19 0.618 0.084 0.455 0.562 0.617 0.673 0.785
p.brown.TS11.wet19 0.382 0.084 0.215 0.327 0.383 0.438 0.545
p.green.TS7.wet19  0.594 0.131 0.434 0.513 0.558 0.623 0.951
p.brown.TS7.wet19  0.406 0.131 0.049 0.377 0.442 0.487 0.566
p.green.TS9.wet19  0.817 0.077 0.652 0.768 0.824 0.872 0.949
p.brown.TS9.wet19  0.183 0.077 0.051 0.128 0.176 0.232 0.348

#################################################################
# Summary Statistics
#################################################################

               2.5%   25%   50%   75% 97.5%
p.green.dry19 0.564 0.680 0.755 0.827 0.945
p.brown.dry19 0.055 0.173 0.245 0.320 0.436
p.green.wet19 0.643 0.753 0.817 0.882 0.975
p.brown.wet19 0.025 0.118 0.183 0.247 0.357
