
################################################################################
# Gelman-Rubin Diagnostic
################################################################################

Generally the Gelman diagnostic should be < 1.05


Out of 81 variables: 0 > 1.01

                      
0 > 1.05

                      
0 > 1.1


The worst variables are:

              Point est. Upper C.I.
p.global[4]     1.009244   1.011796
ilr.global[3]   1.006321   1.011463
p.global[2]     1.005550   1.013376
loglik[5]       1.004687   1.010844
loglik[12]      1.004543   1.007054
ilr.global[2]   1.002936   1.009568
ilr.fac2[2,3]   1.002702   1.004567
ilr.fac2[2,2]   1.002600   1.008263
ilr.global[1]   1.002279   1.006073
ilr.fac1[6,1]   1.002158   1.007690


And here are the Gelman diagnostics for all variables:

               Point est. Upper C.I.
deviance        1.0003915  1.0013941
ilr.fac1[1,1]         NaN        NaN
ilr.fac1[1,2]         NaN        NaN
ilr.fac1[1,3]         NaN        NaN
ilr.fac1[10,1]  1.0004579  1.0024111
ilr.fac1[10,2]  1.0005572  1.0033852
ilr.fac1[10,3]  1.0005290  1.0030550
ilr.fac1[11,1]  1.0009540  1.0041164
ilr.fac1[11,2]  1.0008777  1.0031043
ilr.fac1[11,3]  1.0003290  1.0004947
ilr.fac1[12,1]  0.9999942  1.0012073
ilr.fac1[12,2]  1.0001942  1.0007139
ilr.fac1[12,3]  1.0012630  1.0039106
ilr.fac1[13,1]  1.0010988  1.0036321
ilr.fac1[13,2]  0.9998783  1.0000069
ilr.fac1[13,3]  1.0006586  1.0030886
ilr.fac1[14,1]  1.0017497  1.0075674
ilr.fac1[14,2]  1.0001573  1.0014222
ilr.fac1[14,3]  1.0001561  1.0018222
ilr.fac1[15,1]  0.9999704  1.0012143
ilr.fac1[15,2]  1.0009426  1.0033572
ilr.fac1[15,3]  0.9999195  1.0004582
ilr.fac1[16,1]  1.0007703  1.0041467
ilr.fac1[16,2]  1.0009783  1.0015616
ilr.fac1[16,3]  0.9997203  1.0002592
ilr.fac1[2,1]   1.0011252  1.0019510
ilr.fac1[2,2]   1.0003514  1.0009760
ilr.fac1[2,3]   1.0014702  1.0042805
ilr.fac1[3,1]   1.0005330  1.0023929
ilr.fac1[3,2]   0.9997245  1.0001526
ilr.fac1[3,3]   1.0003048  1.0023475
ilr.fac1[4,1]   1.0009697  1.0048733
ilr.fac1[4,2]   1.0004709  1.0028278
ilr.fac1[4,3]   1.0005507  1.0021807
ilr.fac1[5,1]   1.0016841  1.0073062
ilr.fac1[5,2]   1.0021396  1.0057969
ilr.fac1[5,3]   0.9996364  0.9998306
ilr.fac1[6,1]   1.0021583  1.0076896
ilr.fac1[6,2]   1.0001089  1.0003761
ilr.fac1[6,3]   1.0012396  1.0042075
ilr.fac1[7,1]   1.0014067  1.0021200
ilr.fac1[7,2]   1.0000057  1.0009518
ilr.fac1[7,3]   0.9998050  1.0005558
ilr.fac1[8,1]   1.0012390  1.0050282
ilr.fac1[8,2]   1.0008204  1.0042770
ilr.fac1[8,3]   0.9997084  0.9997880
ilr.fac1[9,1]   1.0006326  1.0036307
ilr.fac1[9,2]   1.0004388  1.0019040
ilr.fac1[9,3]   0.9995829  0.9995844
ilr.fac2[1,1]         NaN        NaN
ilr.fac2[1,2]         NaN        NaN
ilr.fac2[1,3]         NaN        NaN
ilr.fac2[2,1]   1.0003515  1.0020270
ilr.fac2[2,2]   1.0026001  1.0082634
ilr.fac2[2,3]   1.0027016  1.0045672
ilr.global[1]   1.0022787  1.0060734
ilr.global[2]   1.0029356  1.0095677
ilr.global[3]   1.0063206  1.0114626
loglik[1]       1.0013002  1.0032299
loglik[10]      1.0009068  1.0032415
loglik[11]      0.9998556  1.0006882
loglik[12]      1.0045427  1.0070539
loglik[13]      1.0004174  1.0006519
loglik[14]      1.0006875  1.0014452
loglik[15]      1.0013103  1.0019453
loglik[16]      1.0010806  1.0044216
loglik[17]      1.0002227  1.0011057
loglik[18]      1.0011785  1.0052870
loglik[19]      1.0007501  1.0016593
loglik[2]       1.0019307  1.0038053
loglik[3]       0.9997757  0.9998373
loglik[4]       1.0002155  1.0006944
loglik[5]       1.0046873  1.0108441
loglik[6]       1.0010947  1.0033728
loglik[7]       0.9998286  1.0001398
loglik[8]       1.0004021  1.0020794
loglik[9]       0.9999260  1.0006136
p.global[1]     1.0008082  1.0013595
p.global[2]     1.0055498  1.0133760
p.global[3]     0.9995678  0.9995952
p.global[4]     1.0092435  1.0117960

################################################################################
# Geweke Diagnostic
################################################################################

The Geweke diagnostic is a standard z-score, so we'd expect 5% to be outside +/-1.96
Number of variables outside +/-1.96 in each chain (out of 
81
):


       Chain 1 Chain 2 Chain 3
Geweke       5       2       2


And here are the Geweke diagnostics for all variables:

               chain1 chain2 chain3
deviance       -1.875 -0.483 -0.238
ilr.fac1[10,1]  1.410  2.351  0.342
ilr.fac1[10,2]  0.941 -1.048 -0.417
ilr.fac1[10,3]  1.726 -0.729 -1.146
ilr.fac1[11,1] -1.664 -0.199 -0.640
ilr.fac1[11,2] -1.345 -0.071  1.085
ilr.fac1[11,3] -0.072 -0.294 -2.212
ilr.fac1[12,1] -0.071  1.090  0.783
ilr.fac1[12,2]  1.075  0.100 -1.703
ilr.fac1[12,3] -2.872  0.658  1.178
ilr.fac1[13,1]  2.024  1.568 -1.619
ilr.fac1[13,2] -0.333  0.397 -0.613
ilr.fac1[13,3] -1.659 -0.384 -0.241
ilr.fac1[14,1] -0.939  0.051  1.067
ilr.fac1[14,2] -0.974 -0.375  0.032
ilr.fac1[14,3] -0.876  0.094  1.654
ilr.fac1[15,1] -0.879 -0.116 -1.035
ilr.fac1[15,2] -1.075 -0.081 -0.256
ilr.fac1[15,3] -0.137  0.782 -1.248
ilr.fac1[16,1]  0.129 -0.429 -0.710
ilr.fac1[16,2]  0.978  0.252 -1.136
ilr.fac1[16,3]  0.815  1.271  0.450
ilr.fac1[2,1]  -0.882  0.358 -0.779
ilr.fac1[2,2]  -1.094 -0.904  1.866
ilr.fac1[2,3]  -0.722  0.608 -0.018
ilr.fac1[3,1]  -0.289  0.418 -1.282
ilr.fac1[3,2]  -0.979 -0.248  0.476
ilr.fac1[3,3]   1.356  0.553 -0.818
ilr.fac1[4,1]   0.132 -0.308  1.596
ilr.fac1[4,2]  -0.007  0.794  0.826
ilr.fac1[4,3]   0.238 -0.016 -0.607
ilr.fac1[5,1]   1.196  0.418  0.277
ilr.fac1[5,2]  -0.129 -0.688 -1.040
ilr.fac1[5,3]   1.589  1.618 -1.136
ilr.fac1[6,1]  -0.885 -0.111 -0.647
ilr.fac1[6,2]   0.655  1.159 -1.038
ilr.fac1[6,3]  -0.956  0.573  0.763
ilr.fac1[7,1]  -1.400  0.358  0.078
ilr.fac1[7,2]   0.059 -0.735 -0.209
ilr.fac1[7,3]   0.388 -2.058 -1.652
ilr.fac1[8,1]   0.743 -0.015  0.815
ilr.fac1[8,2]   0.927  1.632  1.008
ilr.fac1[8,3]   0.207  0.879 -1.139
ilr.fac1[9,1]  -1.041 -0.461  0.872
ilr.fac1[9,2]   1.790  0.284 -0.656
ilr.fac1[9,3]  -0.145  0.944  0.395
ilr.fac2[2,1]   1.197  0.353 -0.043
ilr.fac2[2,2]   0.203  0.377 -0.316
ilr.fac2[2,3]  -1.026 -0.522  1.774
ilr.global[1]  -0.588 -0.629  1.417
ilr.global[2]  -0.232  0.382 -0.704
ilr.global[3]  -0.026 -0.272 -1.500
loglik[1]       1.691  0.582 -0.339
loglik[10]      0.378  0.646  1.895
loglik[11]      2.954 -0.674  0.012
loglik[12]      1.103  0.710 -1.448
loglik[13]     -0.649 -1.094  1.745
loglik[14]      1.282  1.149 -0.675
loglik[15]      1.851  0.980 -0.158
loglik[16]      0.894  0.760 -1.116
loglik[17]      0.338 -1.152  0.591
loglik[18]      1.777 -0.196  0.162
loglik[19]     -0.341  0.001  1.785
loglik[2]       0.018  0.425 -0.302
loglik[3]       2.420  0.896 -1.050
loglik[4]      -0.104 -1.112 -0.502
loglik[5]      -0.858  1.216  0.262
loglik[6]       0.070  0.430  1.945
loglik[7]      -0.019  0.071 -0.361
loglik[8]       2.180 -0.846  0.999
loglik[9]      -1.721  0.863  1.411
p.global[1]    -1.449 -0.803 -0.379
p.global[2]     1.030  0.370 -1.817
p.global[3]     1.532 -0.267 -2.448
p.global[4]    -0.431  0.560  1.436
