
################################################################################
# Gelman-Rubin Diagnostic
################################################################################

Generally the Gelman diagnostic should be < 1.05


Out of 99 variables: 40 > 1.01

                      
8 > 1.05

                      
5 > 1.1


The worst variables are:

               Point est. Upper C.I.
ilr.global[1]    2.006284   3.537107
p.global[2]      1.826316   3.410992
ilr.global[2]    1.334720   1.936092
p.global[1]      1.207316   1.582574
p.global[3]      1.168639   1.570765
ilr.fac2[2,2]    1.076589   1.244791
deviance         1.060414   1.188596
ilr.fac1[10,1]   1.050253   1.164869
ilr.fac2[2,1]    1.036757   1.044191
loglik[4]        1.036570   1.107840


And here are the Gelman diagnostics for all variables:

               Point est. Upper C.I.
deviance        1.0604136   1.188596
ilr.fac1[1,1]         NaN        NaN
ilr.fac1[1,2]         NaN        NaN
ilr.fac1[10,1]  1.0502532   1.164869
ilr.fac1[10,2]  1.0212801   1.076565
ilr.fac1[11,1]  1.0080587   1.027597
ilr.fac1[11,2]  1.0015658   1.003640
ilr.fac1[12,1]  1.0006070   1.004104
ilr.fac1[12,2]  1.0060789   1.017480
ilr.fac1[13,1]  1.0084463   1.028892
ilr.fac1[13,2]  1.0105899   1.034541
ilr.fac1[14,1]  1.0090604   1.024223
ilr.fac1[14,2]  1.0158972   1.040225
ilr.fac1[15,1]  1.0220102   1.069722
ilr.fac1[15,2]  1.0134735   1.049736
ilr.fac1[16,1]  1.0024541   1.004760
ilr.fac1[16,2]  1.0071522   1.011458
ilr.fac1[17,1]  1.0034376   1.012500
ilr.fac1[17,2]  1.0046349   1.005878
ilr.fac1[18,1]  1.0078165   1.024248
ilr.fac1[18,2]  1.0047060   1.018303
ilr.fac1[19,1]  1.0074641   1.021599
ilr.fac1[19,2]  1.0035509   1.012808
ilr.fac1[2,1]   1.0032000   1.003767
ilr.fac1[2,2]   1.0099922   1.015460
ilr.fac1[20,1]  1.0059002   1.020415
ilr.fac1[20,2]  1.0055787   1.017062
ilr.fac1[21,1]  1.0028833   1.004630
ilr.fac1[21,2]  1.0197008   1.046806
ilr.fac1[22,1]  1.0018016   1.005348
ilr.fac1[22,2]  1.0031552   1.010046
ilr.fac1[23,1]  1.0036182   1.015514
ilr.fac1[23,2]  1.0025788   1.007092
ilr.fac1[24,1]  1.0165480   1.059212
ilr.fac1[24,2]  1.0095371   1.027505
ilr.fac1[25,1]  1.0057643   1.012323
ilr.fac1[25,2]  1.0007673   1.001966
ilr.fac1[26,1]  0.9997109   1.000065
ilr.fac1[26,2]  1.0024088   1.009352
ilr.fac1[27,1]  1.0057794   1.012121
ilr.fac1[27,2]  1.0066891   1.021438
ilr.fac1[3,1]   1.0024166   1.007000
ilr.fac1[3,2]   1.0036541   1.014928
ilr.fac1[4,1]   1.0141077   1.051530
ilr.fac1[4,2]   1.0004811   1.003169
ilr.fac1[5,1]   1.0136700   1.049765
ilr.fac1[5,2]   1.0155418   1.051686
ilr.fac1[6,1]   1.0073282   1.009620
ilr.fac1[6,2]   1.0100849   1.037885
ilr.fac1[7,1]   1.0028073   1.003437
ilr.fac1[7,2]   1.0063473   1.023989
ilr.fac1[8,1]   1.0057425   1.019429
ilr.fac1[8,2]   1.0099500   1.018927
ilr.fac1[9,1]   1.0053148   1.020699
ilr.fac1[9,2]   1.0057180   1.019654
ilr.fac2[1,1]         NaN        NaN
ilr.fac2[1,2]         NaN        NaN
ilr.fac2[2,1]   1.0367570   1.044191
ilr.fac2[2,2]   1.0765886   1.244791
ilr.global[1]   2.0062837   3.537107
ilr.global[2]   1.3347199   1.936092
loglik[1]       1.0075416   1.023812
loglik[10]      1.0342944   1.076094
loglik[11]      1.0115491   1.030734
loglik[12]      1.0066790   1.015065
loglik[13]      1.0087581   1.031818
loglik[14]      1.0046515   1.009846
loglik[15]      1.0132742   1.022814
loglik[16]      1.0213966   1.068225
loglik[17]      1.0180479   1.047717
loglik[18]      1.0245315   1.057023
loglik[19]      1.0159354   1.046689
loglik[2]       1.0271757   1.082057
loglik[20]      1.0294542   1.095777
loglik[21]      1.0128336   1.020080
loglik[22]      1.0143360   1.043265
loglik[23]      1.0197980   1.067605
loglik[24]      1.0132361   1.048419
loglik[25]      1.0067981   1.026476
loglik[26]      1.0016219   1.003182
loglik[27]      1.0361445   1.111109
loglik[28]      1.0085318   1.015905
loglik[29]      1.0044699   1.012311
loglik[3]       1.0097026   1.012783
loglik[30]      1.0134549   1.046364
loglik[31]      1.0156802   1.045383
loglik[32]      1.0167210   1.060866
loglik[33]      1.0083079   1.011358
loglik[34]      1.0073985   1.019318
loglik[35]      1.0040140   1.012797
loglik[4]       1.0365704   1.107840
loglik[5]       1.0074251   1.019332
loglik[6]       1.0017282   1.002424
loglik[7]       1.0270184   1.087835
loglik[8]       1.0077844   1.028904
loglik[9]       1.0204905   1.058513
p.global[1]     1.2073157   1.582574
p.global[2]     1.8263160   3.410992
p.global[3]     1.1686392   1.570765

################################################################################
# Geweke Diagnostic
################################################################################

The Geweke diagnostic is a standard z-score, so we'd expect 5% to be outside +/-1.96
Number of variables outside +/-1.96 in each chain (out of 
99
):


       Chain 1 Chain 2 Chain 3
Geweke       3      13      16


And here are the Geweke diagnostics for all variables:

               chain1 chain2 chain3
deviance       -0.404 -0.042 -2.257
ilr.fac1[10,1]  1.708  0.784  3.313
ilr.fac1[10,2]  0.383 -0.288  1.409
ilr.fac1[11,1] -2.615  0.185  0.705
ilr.fac1[11,2]  1.379 -0.178  0.844
ilr.fac1[12,1]  1.039  0.303  1.431
ilr.fac1[12,2] -0.438 -1.464  1.408
ilr.fac1[13,1]  1.198  0.324 -0.682
ilr.fac1[13,2]  1.025 -1.062  0.913
ilr.fac1[14,1]  0.088  0.690 -1.482
ilr.fac1[14,2]  0.222 -0.406  1.501
ilr.fac1[15,1]  1.026  1.778  2.055
ilr.fac1[15,2]  0.310 -1.184  1.681
ilr.fac1[16,1] -1.300 -0.724 -0.265
ilr.fac1[16,2]  0.977  0.967 -0.343
ilr.fac1[17,1]  0.113 -0.532  0.290
ilr.fac1[17,2]  0.648  0.501  0.178
ilr.fac1[18,1] -0.134 -0.009  0.853
ilr.fac1[18,2] -1.344  0.200  1.311
ilr.fac1[19,1] -0.517 -0.750  0.474
ilr.fac1[19,2]  0.568 -0.098  0.804
ilr.fac1[2,1]  -1.877 -2.183 -0.198
ilr.fac1[2,2]  -0.139 -0.196 -1.819
ilr.fac1[20,1] -0.995  0.145  0.196
ilr.fac1[20,2]  1.759 -1.255  0.083
ilr.fac1[21,1] -1.909 -1.265 -0.255
ilr.fac1[21,2]  0.487  0.462 -0.014
ilr.fac1[22,1]  1.104  0.072 -1.201
ilr.fac1[22,2]  1.261  0.280  0.793
ilr.fac1[23,1]  0.301 -2.346 -0.150
ilr.fac1[23,2]  1.220  0.581  0.562
ilr.fac1[24,1] -0.603 -0.012  0.120
ilr.fac1[24,2] -0.608 -0.426 -0.414
ilr.fac1[25,1]  1.048  0.771 -1.308
ilr.fac1[25,2] -1.863 -1.399 -0.425
ilr.fac1[26,1]  0.260 -1.834 -0.794
ilr.fac1[26,2] -0.652  0.219 -0.775
ilr.fac1[27,1] -0.006  0.631 -1.226
ilr.fac1[27,2]  1.935 -1.068 -0.738
ilr.fac1[3,1]   0.670  2.857 -0.737
ilr.fac1[3,2]   0.771 -0.887  0.719
ilr.fac1[4,1]  -0.045  1.534 -1.840
ilr.fac1[4,2]  -0.520  1.506 -3.392
ilr.fac1[5,1]   0.808  1.157 -2.102
ilr.fac1[5,2]   0.857 -0.271 -1.200
ilr.fac1[6,1]  -0.548  0.049 -0.088
ilr.fac1[6,2]  -0.661 -0.871 -1.708
ilr.fac1[7,1]   0.040 -0.203 -0.061
ilr.fac1[7,2]  -1.960  1.407  2.339
ilr.fac1[8,1]   0.058 -0.161 -0.966
ilr.fac1[8,2]  -1.168 -0.597 -1.101
ilr.fac1[9,1]  -0.282 -1.629  0.335
ilr.fac1[9,2]  -0.568 -0.463  1.071
ilr.fac2[2,1]  -0.822  0.727  1.088
ilr.fac2[2,2]   1.059 -0.705  0.744
ilr.global[1]  -0.927 -2.730 -1.927
ilr.global[2]  -0.189  0.547 -1.068
loglik[1]       0.930 -0.897  4.669
loglik[10]     -0.947 -2.524 -0.019
loglik[11]     -1.962 -0.965  4.275
loglik[12]      2.074  0.300 -1.017
loglik[13]     -0.151  1.263  4.186
loglik[14]      1.316 -3.612  1.083
loglik[15]     -0.961 -2.404  0.636
loglik[16]     -0.254 -1.368  3.831
loglik[17]     -1.105 -0.227  2.300
loglik[18]     -0.912  0.297  0.734
loglik[19]      1.774 -0.590  3.299
loglik[2]      -0.826 -0.718  3.375
loglik[20]      1.117 -0.028  0.156
loglik[21]      0.694 -0.351  0.641
loglik[22]     -0.926  0.945  0.720
loglik[23]      0.499  0.169  1.945
loglik[24]      0.645 -1.138  2.102
loglik[25]     -0.569 -0.428  1.046
loglik[26]      1.850  1.107 -1.669
loglik[27]      0.618  0.330  0.572
loglik[28]      1.380 -2.142  0.272
loglik[29]     -0.484 -1.721 -1.295
loglik[3]       1.276 -3.816 -0.583
loglik[30]      0.416 -1.514  0.252
loglik[31]     -0.184 -0.009  0.556
loglik[32]      0.204  0.930  1.530
loglik[33]      1.598  0.232  0.866
loglik[34]     -0.097 -1.192  1.085
loglik[35]      1.090 -1.803  3.397
loglik[4]      -0.739 -1.999  1.514
loglik[5]       0.597  2.270 -0.261
loglik[6]      -0.428 -0.730  0.815
loglik[7]      -0.253  0.233  4.115
loglik[8]       0.417  2.667  0.015
loglik[9]      -0.848  1.056 -0.519
p.global[1]    -1.112 -0.781 -1.729
p.global[2]     0.977  3.591  1.402
p.global[3]     0.694  0.041  1.530
