
################################################################################
# Gelman-Rubin Diagnostic
################################################################################

Generally the Gelman diagnostic should be < 1.05


Out of 146 variables: 2 > 1.01

                      
0 > 1.05

                      
0 > 1.1


The worst variables are:

               Point est. Upper C.I.
ilr.global[2]    1.013549   1.043065
ilr.global[4]    1.012861   1.031864
p.global[5]      1.007409   1.020823
p.global[3]      1.005091   1.014823
loglik[23]       1.004815   1.012731
ilr.fac1[10,4]   1.003963   1.015624
ilr.fac2[2,4]    1.003574   1.013710
p.global[1]      1.003544   1.012176
loglik[2]        1.003489   1.006085
ilr.fac1[23,1]   1.003452   1.013591


And here are the Gelman diagnostics for all variables:

               Point est. Upper C.I.
deviance        1.0007866  1.0029306
ilr.fac1[1,1]         NaN        NaN
ilr.fac1[1,2]         NaN        NaN
ilr.fac1[1,3]         NaN        NaN
ilr.fac1[1,4]         NaN        NaN
ilr.fac1[10,1]  1.0021702  1.0084418
ilr.fac1[10,2]  1.0005979  1.0013615
ilr.fac1[10,3]  0.9996367  0.9999131
ilr.fac1[10,4]  1.0039625  1.0156245
ilr.fac1[11,1]  0.9999109  1.0001932
ilr.fac1[11,2]  1.0011396  1.0013001
ilr.fac1[11,3]  1.0021918  1.0088059
ilr.fac1[11,4]  1.0001017  1.0010826
ilr.fac1[12,1]  0.9998698  1.0001226
ilr.fac1[12,2]  1.0000614  1.0004970
ilr.fac1[12,3]  1.0000832  1.0015418
ilr.fac1[12,4]  1.0011860  1.0053723
ilr.fac1[13,1]  1.0004948  1.0023400
ilr.fac1[13,2]  1.0008607  1.0025980
ilr.fac1[13,3]  1.0010745  1.0026736
ilr.fac1[13,4]  0.9996601  0.9999645
ilr.fac1[14,1]  1.0002056  1.0015074
ilr.fac1[14,2]  1.0002480  1.0006234
ilr.fac1[14,3]  1.0003909  1.0020722
ilr.fac1[14,4]  1.0009891  1.0040606
ilr.fac1[15,1]  1.0000710  1.0008384
ilr.fac1[15,2]  0.9998931  1.0005342
ilr.fac1[15,3]  0.9997966  1.0002741
ilr.fac1[15,4]  0.9997377  1.0002476
ilr.fac1[16,1]  0.9999441  1.0007696
ilr.fac1[16,2]  1.0007534  1.0023435
ilr.fac1[16,3]  1.0015215  1.0053816
ilr.fac1[16,4]  1.0010358  1.0034217
ilr.fac1[17,1]  1.0021317  1.0060473
ilr.fac1[17,2]  1.0007932  1.0040073
ilr.fac1[17,3]  1.0010327  1.0018354
ilr.fac1[17,4]  0.9996341  0.9998784
ilr.fac1[18,1]  0.9998970  1.0009113
ilr.fac1[18,2]  1.0005537  1.0030074
ilr.fac1[18,3]  1.0018032  1.0056053
ilr.fac1[18,4]  1.0014331  1.0036271
ilr.fac1[19,1]  1.0007938  1.0041807
ilr.fac1[19,2]  1.0007168  1.0037787
ilr.fac1[19,3]  1.0010629  1.0048431
ilr.fac1[19,4]  1.0010957  1.0053132
ilr.fac1[2,1]   1.0001870  1.0012738
ilr.fac1[2,2]   1.0011999  1.0054079
ilr.fac1[2,3]   1.0001962  1.0014471
ilr.fac1[2,4]   1.0006903  1.0035683
ilr.fac1[20,1]  1.0003777  1.0011822
ilr.fac1[20,2]  1.0000243  1.0006138
ilr.fac1[20,3]  1.0008622  1.0026954
ilr.fac1[20,4]  1.0008503  1.0021494
ilr.fac1[21,1]  1.0033977  1.0122572
ilr.fac1[21,2]  1.0005516  1.0019608
ilr.fac1[21,3]  1.0029577  1.0061136
ilr.fac1[21,4]  0.9997395  1.0002198
ilr.fac1[22,1]  1.0020854  1.0085898
ilr.fac1[22,2]  1.0004154  1.0025839
ilr.fac1[22,3]  1.0015516  1.0068858
ilr.fac1[22,4]  0.9996287  0.9998113
ilr.fac1[23,1]  1.0034519  1.0135913
ilr.fac1[23,2]  1.0000841  1.0009643
ilr.fac1[23,3]  1.0003941  1.0020672
ilr.fac1[23,4]  1.0015650  1.0070649
ilr.fac1[24,1]  1.0017470  1.0064797
ilr.fac1[24,2]  0.9995927  0.9997892
ilr.fac1[24,3]  1.0022634  1.0094023
ilr.fac1[24,4]  0.9997720  0.9998778
ilr.fac1[3,1]   1.0000530  1.0015212
ilr.fac1[3,2]   1.0013192  1.0060950
ilr.fac1[3,3]   1.0011541  1.0046220
ilr.fac1[3,4]   1.0015750  1.0061143
ilr.fac1[4,1]   0.9996669  0.9999410
ilr.fac1[4,2]   1.0014308  1.0056451
ilr.fac1[4,3]   1.0013289  1.0031972
ilr.fac1[4,4]   1.0003480  1.0017360
ilr.fac1[5,1]   1.0009896  1.0026858
ilr.fac1[5,2]   1.0005369  1.0018188
ilr.fac1[5,3]   1.0023819  1.0099226
ilr.fac1[5,4]   1.0020856  1.0072285
ilr.fac1[6,1]   1.0008801  1.0026634
ilr.fac1[6,2]   1.0005983  1.0032871
ilr.fac1[6,3]   1.0002812  1.0023402
ilr.fac1[6,4]   1.0005052  1.0025859
ilr.fac1[7,1]   0.9995233  0.9995333
ilr.fac1[7,2]   1.0013706  1.0059754
ilr.fac1[7,3]   1.0000854  1.0014648
ilr.fac1[7,4]   1.0003927  1.0016784
ilr.fac1[8,1]   1.0002484  1.0017340
ilr.fac1[8,2]   1.0007429  1.0040668
ilr.fac1[8,3]   1.0004835  1.0018598
ilr.fac1[8,4]   1.0026048  1.0099315
ilr.fac1[9,1]   1.0001470  1.0013062
ilr.fac1[9,2]   0.9997159  1.0001394
ilr.fac1[9,3]   0.9997871  0.9999484
ilr.fac1[9,4]   1.0004298  1.0025582
ilr.fac2[1,1]         NaN        NaN
ilr.fac2[1,2]         NaN        NaN
ilr.fac2[1,3]         NaN        NaN
ilr.fac2[1,4]         NaN        NaN
ilr.fac2[2,1]   1.0029272  1.0042387
ilr.fac2[2,2]   0.9999499  1.0006266
ilr.fac2[2,3]   1.0004301  1.0028298
ilr.fac2[2,4]   1.0035741  1.0137096
ilr.global[1]   1.0025654  1.0078200
ilr.global[2]   1.0135485  1.0430648
ilr.global[3]   1.0000158  1.0003237
ilr.global[4]   1.0128613  1.0318645
loglik[1]       1.0005988  1.0024676
loglik[10]      0.9997327  1.0003162
loglik[11]      1.0014819  1.0030356
loglik[12]      1.0004491  1.0015145
loglik[13]      0.9999721  1.0010827
loglik[14]      1.0001259  1.0013865
loglik[15]      1.0005824  1.0026643
loglik[16]      1.0003840  1.0020310
loglik[17]      1.0003792  1.0014827
loglik[18]      1.0003696  1.0026090
loglik[19]      1.0007263  1.0030468
loglik[2]       1.0034894  1.0060853
loglik[20]      1.0034135  1.0057365
loglik[21]      1.0021982  1.0043340
loglik[22]      1.0007175  1.0030542
loglik[23]      1.0048150  1.0127309
loglik[24]      1.0008371  1.0021131
loglik[25]      1.0005091  1.0013504
loglik[26]      1.0010684  1.0015175
loglik[27]      1.0002091  1.0008452
loglik[28]      1.0017199  1.0068926
loglik[29]      0.9998647  1.0001751
loglik[3]       1.0012403  1.0051535
loglik[30]      1.0019313  1.0021459
loglik[31]      0.9999351  1.0004459
loglik[32]      1.0007529  1.0035000
loglik[4]       0.9997643  1.0004401
loglik[5]       1.0009782  1.0025519
loglik[6]       0.9999352  1.0008373
loglik[7]       0.9997620  1.0000504
loglik[8]       0.9997288  1.0003079
loglik[9]       0.9998764  1.0002180
p.global[1]     1.0035444  1.0121760
p.global[2]     1.0029421  1.0104522
p.global[3]     1.0050906  1.0148227
p.global[4]     1.0001113  1.0014419
p.global[5]     1.0074089  1.0208234

################################################################################
# Geweke Diagnostic
################################################################################

The Geweke diagnostic is a standard z-score, so we'd expect 5% to be outside +/-1.96
Number of variables outside +/-1.96 in each chain (out of 
146
):


       Chain 1 Chain 2 Chain 3
Geweke       6       3       9


And here are the Geweke diagnostics for all variables:

               chain1 chain2 chain3
deviance       -0.119 -0.590 -0.820
ilr.fac1[10,1] -0.059 -0.596  0.451
ilr.fac1[10,2] -1.617 -0.081  1.551
ilr.fac1[10,3] -1.691  0.812 -1.862
ilr.fac1[10,4] -0.557 -0.559 -0.571
ilr.fac1[11,1]  0.476  0.799  1.671
ilr.fac1[11,2]  1.051 -0.730  0.402
ilr.fac1[11,3]  1.567 -1.303  0.520
ilr.fac1[11,4] -0.031 -0.770  1.209
ilr.fac1[12,1]  0.181 -1.268 -0.680
ilr.fac1[12,2]  0.898 -0.058  0.873
ilr.fac1[12,3] -0.892  0.995 -0.859
ilr.fac1[12,4] -1.518  1.696 -0.026
ilr.fac1[13,1]  0.711 -0.447 -2.060
ilr.fac1[13,2]  0.990  0.070  1.608
ilr.fac1[13,3] -0.348  0.580 -1.007
ilr.fac1[13,4]  0.139  0.517  2.372
ilr.fac1[14,1]  0.147  1.056  0.098
ilr.fac1[14,2]  0.594  0.766 -0.271
ilr.fac1[14,3] -1.677  0.566 -1.147
ilr.fac1[14,4]  0.307  0.257 -1.682
ilr.fac1[15,1] -2.022  0.976  0.373
ilr.fac1[15,2] -0.714  0.617 -0.451
ilr.fac1[15,3]  0.536  0.674 -0.502
ilr.fac1[15,4] -0.543  0.305 -1.038
ilr.fac1[16,1] -0.032 -1.588  0.254
ilr.fac1[16,2]  0.296  0.148  0.223
ilr.fac1[16,3] -0.247  1.143 -0.527
ilr.fac1[16,4] -1.144  1.531  0.971
ilr.fac1[17,1]  0.761 -0.168  1.218
ilr.fac1[17,2]  1.037 -0.665  1.759
ilr.fac1[17,3]  0.226 -0.589  1.437
ilr.fac1[17,4]  0.616 -0.438  1.905
ilr.fac1[18,1] -0.401  0.665  0.135
ilr.fac1[18,2]  0.497  0.447 -0.793
ilr.fac1[18,3]  0.583  1.321 -0.805
ilr.fac1[18,4] -0.437 -0.849 -0.717
ilr.fac1[19,1]  1.273  1.171 -0.197
ilr.fac1[19,2]  0.400  0.341 -0.279
ilr.fac1[19,3] -1.434 -0.231 -0.410
ilr.fac1[19,4]  0.290  0.238 -1.005
ilr.fac1[2,1]  -0.986 -0.386 -2.296
ilr.fac1[2,2]  -0.624 -0.748  0.260
ilr.fac1[2,3]   0.411  1.560 -0.818
ilr.fac1[2,4]  -0.362 -2.292  0.106
ilr.fac1[20,1]  0.869  0.895 -0.837
ilr.fac1[20,2]  1.313 -0.705 -0.844
ilr.fac1[20,3]  0.225 -1.429  0.017
ilr.fac1[20,4]  0.723 -0.294 -0.156
ilr.fac1[21,1] -0.074 -0.141 -1.136
ilr.fac1[21,2] -1.223 -0.510  0.710
ilr.fac1[21,3] -2.188  0.776 -0.898
ilr.fac1[21,4]  1.185  0.113 -0.522
ilr.fac1[22,1]  0.121  0.549  0.161
ilr.fac1[22,2] -0.912 -0.092 -0.908
ilr.fac1[22,3] -1.782 -0.404 -1.328
ilr.fac1[22,4]  0.644 -0.192  1.207
ilr.fac1[23,1] -1.105 -0.396 -0.029
ilr.fac1[23,2]  0.068 -0.021 -0.243
ilr.fac1[23,3] -0.700  0.807 -1.374
ilr.fac1[23,4]  1.505 -1.605  0.679
ilr.fac1[24,1]  0.036  1.187 -0.609
ilr.fac1[24,2] -1.295 -0.837 -0.912
ilr.fac1[24,3] -1.791 -0.602  0.173
ilr.fac1[24,4]  1.053 -1.777  0.795
ilr.fac1[3,1]  -0.064  0.489 -0.119
ilr.fac1[3,2]  -0.249 -0.844 -1.252
ilr.fac1[3,3]   0.157 -1.861 -1.179
ilr.fac1[3,4]  -0.658 -1.532  0.463
ilr.fac1[4,1]  -1.387  1.456  0.179
ilr.fac1[4,2]  -0.263  1.193  0.892
ilr.fac1[4,3]   1.001 -1.002 -2.179
ilr.fac1[4,4]   0.424 -0.052 -0.229
ilr.fac1[5,1]  -1.360  0.080  0.387
ilr.fac1[5,2]   1.074 -0.515  0.425
ilr.fac1[5,3]   0.730 -0.255 -1.040
ilr.fac1[5,4]   1.129 -0.256  1.039
ilr.fac1[6,1]  -1.470  1.823  0.872
ilr.fac1[6,2]  -0.200  0.104 -2.434
ilr.fac1[6,3]  -0.233  0.592 -1.135
ilr.fac1[6,4]  -1.835  1.123 -0.503
ilr.fac1[7,1]   1.774 -1.149  1.089
ilr.fac1[7,2]   0.827  0.225  2.071
ilr.fac1[7,3]  -0.044 -0.317  1.571
ilr.fac1[7,4]   0.965 -0.282  0.592
ilr.fac1[8,1]   0.438  2.184 -0.240
ilr.fac1[8,2]   0.406 -0.193 -0.887
ilr.fac1[8,3]  -0.630 -1.544  2.649
ilr.fac1[8,4]  -0.055  0.869  2.323
ilr.fac1[9,1]   0.094 -0.878  1.466
ilr.fac1[9,2]   0.472 -0.028 -0.837
ilr.fac1[9,3]   0.945  0.432  0.800
ilr.fac1[9,4]  -0.759  0.084 -0.757
ilr.fac2[2,1]  -1.066  0.751 -1.011
ilr.fac2[2,2]  -2.376  0.732 -0.182
ilr.fac2[2,3]  -0.117  0.730  0.091
ilr.fac2[2,4]   2.165  0.228 -0.458
ilr.global[1]   1.372 -1.423  0.193
ilr.global[2]   0.336  0.765 -1.565
ilr.global[3]  -1.321 -0.283  0.630
ilr.global[4]  -1.987  0.385 -0.393
loglik[1]       0.006 -1.015  0.483
loglik[10]      0.135  1.016 -0.497
loglik[11]      0.551  0.303  1.281
loglik[12]      0.815  1.080  0.475
loglik[13]      1.994  0.654  1.143
loglik[14]     -1.428  0.254  1.454
loglik[15]     -1.247 -0.537 -0.920
loglik[16]      0.022 -1.507 -0.109
loglik[17]     -0.813 -0.308  1.063
loglik[18]     -0.331  1.294  0.163
loglik[19]      0.128  0.037  0.480
loglik[2]      -0.113 -0.319 -0.984
loglik[20]     -1.149 -0.200 -0.196
loglik[21]      0.193  1.515  1.286
loglik[22]     -1.604 -1.727 -0.243
loglik[23]      0.790 -1.318  0.826
loglik[24]      0.366  0.071  0.555
loglik[25]      0.497  0.519 -0.472
loglik[26]     -0.674  0.314 -0.471
loglik[27]      0.844 -1.026  0.283
loglik[28]     -1.109 -1.128  1.421
loglik[29]      0.453  1.012 -0.108
loglik[3]      -1.260  0.702 -1.682
loglik[30]      1.462  0.739 -0.740
loglik[31]      0.939  0.102 -0.128
loglik[32]      0.675 -0.401  0.167
loglik[4]      -0.796  0.465 -0.885
loglik[5]       0.339  2.133  2.107
loglik[6]       0.488 -0.671  1.808
loglik[7]       0.210 -0.586  0.105
loglik[8]       0.474  1.300  0.057
loglik[9]       0.726 -0.635 -0.202
p.global[1]     0.768 -1.065 -0.140
p.global[2]    -0.416  0.824  0.245
p.global[3]    -1.291 -1.132  0.685
p.global[4]     0.251  1.279 -0.637
p.global[5]     0.880 -0.100  0.660
