
################################################################################
# Gelman-Rubin Diagnostic
################################################################################

Generally the Gelman diagnostic should be < 1.05


Out of 99 variables: 2 > 1.01

                      
0 > 1.05

                      
0 > 1.1


The worst variables are:

               Point est. Upper C.I.
p.global[2]      1.019500   1.040200
ilr.global[1]    1.014412   1.028409
loglik[18]       1.007656   1.009692
p.global[1]      1.004649   1.012877
loglik[21]       1.004618   1.009409
loglik[29]       1.003505   1.005378
ilr.fac1[24,2]   1.002470   1.009971
loglik[25]       1.002414   1.005336
loglik[35]       1.002263   1.005886
loglik[12]       1.002072   1.002899


And here are the Gelman diagnostics for all variables:

               Point est. Upper C.I.
deviance        1.0001003  1.0008586
ilr.fac1[1,1]         NaN        NaN
ilr.fac1[1,2]         NaN        NaN
ilr.fac1[10,1]  1.0003486  1.0015678
ilr.fac1[10,2]  0.9996858  0.9997807
ilr.fac1[11,1]  1.0006342  1.0021659
ilr.fac1[11,2]  1.0018505  1.0078683
ilr.fac1[12,1]  1.0012990  1.0044417
ilr.fac1[12,2]  1.0004490  1.0025060
ilr.fac1[13,1]  1.0004565  1.0027512
ilr.fac1[13,2]  1.0007535  1.0032853
ilr.fac1[14,1]  1.0003124  1.0017869
ilr.fac1[14,2]  1.0003843  1.0026847
ilr.fac1[15,1]  1.0017552  1.0042643
ilr.fac1[15,2]  1.0011874  1.0042384
ilr.fac1[16,1]  1.0007130  1.0034328
ilr.fac1[16,2]  1.0006277  1.0035715
ilr.fac1[17,1]  1.0010403  1.0045537
ilr.fac1[17,2]  0.9996766  0.9997095
ilr.fac1[18,1]  1.0011639  1.0054027
ilr.fac1[18,2]  1.0002713  1.0021147
ilr.fac1[19,1]  1.0004532  1.0028003
ilr.fac1[19,2]  1.0012537  1.0055722
ilr.fac1[2,1]   1.0015395  1.0063487
ilr.fac1[2,2]   1.0005064  1.0026957
ilr.fac1[20,1]  1.0002127  1.0015980
ilr.fac1[20,2]  1.0004180  1.0028492
ilr.fac1[21,1]  0.9997034  1.0000682
ilr.fac1[21,2]  0.9997968  0.9998341
ilr.fac1[22,1]  1.0007599  1.0027540
ilr.fac1[22,2]  1.0019894  1.0023202
ilr.fac1[23,1]  1.0013010  1.0059167
ilr.fac1[23,2]  1.0003407  1.0022653
ilr.fac1[24,1]  1.0003199  1.0003733
ilr.fac1[24,2]  1.0024698  1.0099707
ilr.fac1[25,1]  1.0016549  1.0069549
ilr.fac1[25,2]  0.9999828  1.0006170
ilr.fac1[26,1]  1.0009945  1.0043869
ilr.fac1[26,2]  1.0008249  1.0041503
ilr.fac1[27,1]  1.0005788  1.0021877
ilr.fac1[27,2]  1.0011625  1.0038926
ilr.fac1[3,1]   1.0001803  1.0010307
ilr.fac1[3,2]   0.9998679  1.0000878
ilr.fac1[4,1]   1.0004522  1.0019618
ilr.fac1[4,2]   1.0006386  1.0025489
ilr.fac1[5,1]   1.0005856  1.0015567
ilr.fac1[5,2]   1.0009174  1.0017742
ilr.fac1[6,1]   1.0001297  1.0016804
ilr.fac1[6,2]   1.0003285  1.0015406
ilr.fac1[7,1]   1.0003539  1.0018096
ilr.fac1[7,2]   0.9999978  1.0009815
ilr.fac1[8,1]   1.0003463  1.0022699
ilr.fac1[8,2]   1.0003672  1.0008086
ilr.fac1[9,1]   1.0000758  1.0001101
ilr.fac1[9,2]   1.0003850  1.0018919
ilr.fac2[1,1]         NaN        NaN
ilr.fac2[1,2]         NaN        NaN
ilr.fac2[2,1]   1.0000643  1.0003034
ilr.fac2[2,2]   1.0003063  1.0009445
ilr.global[1]   1.0144125  1.0284093
ilr.global[2]   1.0013575  1.0028171
loglik[1]       1.0000010  1.0010664
loglik[10]      1.0013103  1.0036128
loglik[11]      1.0006950  1.0025909
loglik[12]      1.0020719  1.0028990
loglik[13]      1.0002405  1.0004655
loglik[14]      0.9997641  1.0004231
loglik[15]      1.0011341  1.0040941
loglik[16]      1.0000344  1.0008312
loglik[17]      1.0006908  1.0035755
loglik[18]      1.0076559  1.0096922
loglik[19]      0.9997343  0.9997364
loglik[2]       1.0000514  1.0005199
loglik[20]      1.0008626  1.0034046
loglik[21]      1.0046175  1.0094089
loglik[22]      1.0011508  1.0039609
loglik[23]      1.0000321  1.0011746
loglik[24]      1.0012083  1.0015028
loglik[25]      1.0024142  1.0053357
loglik[26]      0.9997447  1.0002423
loglik[27]      1.0008579  1.0040882
loglik[28]      1.0002512  1.0020314
loglik[29]      1.0035048  1.0053785
loglik[3]       1.0002410  1.0019000
loglik[30]      1.0015108  1.0053409
loglik[31]      1.0000726  1.0012526
loglik[32]      1.0001936  1.0011186
loglik[33]      1.0013640  1.0032685
loglik[34]      1.0000614  1.0014399
loglik[35]      1.0022633  1.0058862
loglik[4]       0.9996028  0.9996348
loglik[5]       1.0020003  1.0068484
loglik[6]       1.0018126  1.0054883
loglik[7]       1.0003592  1.0013730
loglik[8]       1.0006977  1.0007587
loglik[9]       1.0010420  1.0018387
p.global[1]     1.0046492  1.0128773
p.global[2]     1.0194998  1.0401997
p.global[3]     0.9996352  0.9998918

################################################################################
# Geweke Diagnostic
################################################################################

The Geweke diagnostic is a standard z-score, so we'd expect 5% to be outside +/-1.96
Number of variables outside +/-1.96 in each chain (out of 
99
):


       Chain 1 Chain 2 Chain 3
Geweke       3      11       8


And here are the Geweke diagnostics for all variables:

               chain1 chain2 chain3
deviance        1.180  0.486  1.384
ilr.fac1[10,1]  0.159 -2.167 -1.979
ilr.fac1[10,2]  0.214 -1.405 -1.350
ilr.fac1[11,1]  1.523  1.976 -0.779
ilr.fac1[11,2]  0.448  0.174 -0.120
ilr.fac1[12,1]  0.999  3.106 -0.620
ilr.fac1[12,2]  0.256 -0.758 -0.796
ilr.fac1[13,1] -0.271  0.126 -0.570
ilr.fac1[13,2] -0.434  1.921 -0.032
ilr.fac1[14,1] -0.224 -0.966  0.236
ilr.fac1[14,2]  0.424 -1.492 -0.768
ilr.fac1[15,1]  1.020 -1.409 -1.427
ilr.fac1[15,2] -0.353  0.628  1.781
ilr.fac1[16,1] -0.188 -0.506  0.345
ilr.fac1[16,2]  0.067  0.718 -2.527
ilr.fac1[17,1]  0.545  0.347  0.230
ilr.fac1[17,2] -1.753  1.671  0.969
ilr.fac1[18,1] -0.928 -1.071  0.638
ilr.fac1[18,2] -0.026 -0.620 -0.387
ilr.fac1[19,1]  0.485  1.048  0.983
ilr.fac1[19,2]  0.212  0.744  0.907
ilr.fac1[2,1]   0.263 -3.439  1.812
ilr.fac1[2,2]  -0.005  0.487 -0.159
ilr.fac1[20,1] -0.668  1.315 -0.569
ilr.fac1[20,2]  0.683 -0.168  1.551
ilr.fac1[21,1] -0.478 -0.168 -0.672
ilr.fac1[21,2] -1.689 -0.450  0.141
ilr.fac1[22,1] -0.429  1.301  0.521
ilr.fac1[22,2]  0.838  0.467 -0.151
ilr.fac1[23,1]  0.802 -1.043  1.184
ilr.fac1[23,2] -1.426  1.928 -1.130
ilr.fac1[24,1]  0.261 -2.224 -0.389
ilr.fac1[24,2]  0.747 -1.081  0.149
ilr.fac1[25,1] -1.086 -0.697 -1.212
ilr.fac1[25,2] -2.279 -0.031  0.582
ilr.fac1[26,1] -0.322  0.243 -0.298
ilr.fac1[26,2] -0.598 -0.077  0.275
ilr.fac1[27,1] -1.050  0.542  2.144
ilr.fac1[27,2] -0.112 -0.156 -1.189
ilr.fac1[3,1]  -0.932  1.049 -2.058
ilr.fac1[3,2]  -0.135  1.492  0.903
ilr.fac1[4,1]   0.701  0.466  1.117
ilr.fac1[4,2]  -0.428 -0.273 -0.928
ilr.fac1[5,1]   1.491 -1.589 -0.234
ilr.fac1[5,2]   1.131  3.875  0.678
ilr.fac1[6,1]   1.412  1.256  0.269
ilr.fac1[6,2]  -0.507 -0.427  0.418
ilr.fac1[7,1]   0.392  1.515  0.133
ilr.fac1[7,2]   0.650  0.436 -1.367
ilr.fac1[8,1]  -1.606  0.251  1.229
ilr.fac1[8,2]   1.843  0.661 -0.586
ilr.fac1[9,1]  -1.052 -0.874 -0.996
ilr.fac1[9,2]   3.721  2.011  0.729
ilr.fac2[2,1]   1.441 -0.904 -0.108
ilr.fac2[2,2]  -1.386 -1.337 -1.319
ilr.global[1]   0.671  0.206 -0.701
ilr.global[2]  -0.105  1.100 -0.219
loglik[1]      -0.783  0.458 -0.692
loglik[10]      0.560  0.892 -0.641
loglik[11]      0.113 -0.514 -0.741
loglik[12]     -0.385 -0.491  0.443
loglik[13]     -0.192  1.726 -0.667
loglik[14]      0.014  0.117  0.019
loglik[15]      0.802  0.992  1.554
loglik[16]     -1.305  0.703 -0.186
loglik[17]     -0.214  0.652 -2.178
loglik[18]      1.194  0.803 -0.840
loglik[19]     -1.231 -1.244  0.501
loglik[2]      -1.669 -1.543 -0.529
loglik[20]      0.232 -1.652 -0.521
loglik[21]     -0.140 -0.355  2.299
loglik[22]     -0.229  0.258 -0.465
loglik[23]     -0.117  0.832 -0.922
loglik[24]      2.639  0.556  0.177
loglik[25]     -1.439 -1.638  0.883
loglik[26]      0.664 -0.995 -0.363
loglik[27]     -0.825 -0.649 -1.321
loglik[28]     -1.276 -1.053  0.032
loglik[29]      0.761  0.337  0.517
loglik[3]      -0.649 -0.394  0.673
loglik[30]     -0.210 -1.014  0.678
loglik[31]     -0.808 -0.615  0.801
loglik[32]     -0.258  1.234 -0.235
loglik[33]      0.415  2.272 -0.004
loglik[34]      0.445  1.593 -0.390
loglik[35]     -0.462 -2.392 -0.226
loglik[4]      -0.227 -0.314 -0.749
loglik[5]      -0.855 -2.314 -3.828
loglik[6]      -1.672  0.001 -0.472
loglik[7]       0.120  1.760 -1.425
loglik[8]      -1.039 -0.958 -1.160
loglik[9]      -1.203  0.733  2.455
p.global[1]     0.969  2.566 -0.739
p.global[2]    -1.269 -0.895  0.691
p.global[3]    -0.339 -1.732 -1.136
