
################################################################################
# Gelman-Rubin Diagnostic
################################################################################

Generally the Gelman diagnostic should be < 1.05


Out of 130 variables: 1 > 1.01

                      
0 > 1.05

                      
0 > 1.1


The worst variables are:

               Point est. Upper C.I.
ilr.global[3]    1.019365   1.051844
p.global[2]      1.005885   1.020157
loglik[28]       1.005078   1.008833
p.global[4]      1.004781   1.017069
loglik[25]       1.004358   1.008622
ilr.global[1]    1.003819   1.006249
loglik[12]       1.003781   1.008250
ilr.fac1[19,3]   1.003516   1.007057
ilr.global[2]    1.003493   1.009090
loglik[6]        1.003289   1.006698


And here are the Gelman diagnostics for all variables:

               Point est. Upper C.I.
deviance        1.0002162  1.0016122
ilr.fac1[1,1]         NaN        NaN
ilr.fac1[1,2]         NaN        NaN
ilr.fac1[1,3]         NaN        NaN
ilr.fac1[10,1]  1.0006584  1.0035944
ilr.fac1[10,2]  1.0000072  1.0010658
ilr.fac1[10,3]  1.0009308  1.0030582
ilr.fac1[11,1]  0.9996843  0.9998993
ilr.fac1[11,2]  1.0004171  1.0018717
ilr.fac1[11,3]  0.9997526  0.9999304
ilr.fac1[12,1]  1.0007275  1.0038707
ilr.fac1[12,2]  1.0005087  1.0008699
ilr.fac1[12,3]  0.9997367  1.0003288
ilr.fac1[13,1]  1.0000107  1.0009616
ilr.fac1[13,2]  0.9999011  0.9999473
ilr.fac1[13,3]  1.0005626  1.0029458
ilr.fac1[14,1]  1.0006691  1.0029006
ilr.fac1[14,2]  1.0016571  1.0071194
ilr.fac1[14,3]  0.9999366  1.0006711
ilr.fac1[15,1]  1.0011074  1.0048038
ilr.fac1[15,2]  1.0001572  1.0017417
ilr.fac1[15,3]  1.0007763  1.0028124
ilr.fac1[16,1]  1.0001613  1.0012593
ilr.fac1[16,2]  1.0000534  1.0008667
ilr.fac1[16,3]  1.0006988  1.0012296
ilr.fac1[17,1]  1.0012529  1.0038637
ilr.fac1[17,2]  1.0003550  1.0005396
ilr.fac1[17,3]  1.0001034  1.0014721
ilr.fac1[18,1]  0.9998215  1.0005589
ilr.fac1[18,2]  1.0014480  1.0050995
ilr.fac1[18,3]  1.0011443  1.0048347
ilr.fac1[19,1]  1.0002198  1.0008754
ilr.fac1[19,2]  0.9998661  1.0008221
ilr.fac1[19,3]  1.0035161  1.0070567
ilr.fac1[2,1]   1.0005603  1.0028986
ilr.fac1[2,2]   0.9997345  0.9998436
ilr.fac1[2,3]   0.9998650  1.0001105
ilr.fac1[20,1]  0.9996506  0.9999810
ilr.fac1[20,2]  1.0003173  1.0021403
ilr.fac1[20,3]  1.0005899  1.0010751
ilr.fac1[21,1]  1.0010521  1.0023437
ilr.fac1[21,2]  1.0016930  1.0056805
ilr.fac1[21,3]  1.0000812  1.0011671
ilr.fac1[22,1]  0.9996600  0.9999866
ilr.fac1[22,2]  1.0009602  1.0022301
ilr.fac1[22,3]  0.9998362  1.0003015
ilr.fac1[23,1]  0.9997948  1.0000070
ilr.fac1[23,2]  1.0018868  1.0082113
ilr.fac1[23,3]  1.0010272  1.0032180
ilr.fac1[24,1]  1.0001175  1.0009495
ilr.fac1[24,2]  1.0027797  1.0073842
ilr.fac1[24,3]  1.0000033  1.0011540
ilr.fac1[25,1]  1.0008874  1.0039741
ilr.fac1[25,2]  0.9999242  1.0002406
ilr.fac1[25,3]  1.0004039  1.0026705
ilr.fac1[26,1]  1.0000518  1.0008940
ilr.fac1[26,2]  1.0002195  1.0010940
ilr.fac1[26,3]  0.9996781  0.9997913
ilr.fac1[27,1]  1.0008173  1.0030838
ilr.fac1[27,2]  0.9997514  1.0000073
ilr.fac1[27,3]  1.0005354  1.0019546
ilr.fac1[3,1]   1.0014739  1.0026645
ilr.fac1[3,2]   1.0012232  1.0028080
ilr.fac1[3,3]   1.0018627  1.0062181
ilr.fac1[4,1]   1.0003958  1.0006224
ilr.fac1[4,2]   1.0028473  1.0054707
ilr.fac1[4,3]   0.9997898  0.9999406
ilr.fac1[5,1]   1.0028323  1.0087566
ilr.fac1[5,2]   1.0000884  1.0009529
ilr.fac1[5,3]   1.0004879  1.0020960
ilr.fac1[6,1]   1.0023058  1.0096679
ilr.fac1[6,2]   1.0006490  1.0036090
ilr.fac1[6,3]   1.0028471  1.0064780
ilr.fac1[7,1]   1.0002622  1.0015937
ilr.fac1[7,2]   1.0019530  1.0067077
ilr.fac1[7,3]   1.0008842  1.0045532
ilr.fac1[8,1]   1.0006123  1.0016673
ilr.fac1[8,2]   1.0010243  1.0019095
ilr.fac1[8,3]   0.9998182  1.0003241
ilr.fac1[9,1]   0.9998148  1.0001009
ilr.fac1[9,2]   0.9998086  1.0000839
ilr.fac1[9,3]   1.0009295  1.0042718
ilr.fac2[1,1]         NaN        NaN
ilr.fac2[1,2]         NaN        NaN
ilr.fac2[1,3]         NaN        NaN
ilr.fac2[2,1]   1.0014680  1.0042470
ilr.fac2[2,2]   1.0005415  1.0029104
ilr.fac2[2,3]   1.0031922  1.0114826
ilr.global[1]   1.0038190  1.0062491
ilr.global[2]   1.0034930  1.0090900
ilr.global[3]   1.0193650  1.0518443
loglik[1]       1.0003283  1.0025083
loglik[10]      1.0030131  1.0044742
loglik[11]      0.9999170  1.0001810
loglik[12]      1.0037814  1.0082497
loglik[13]      1.0023832  1.0024720
loglik[14]      1.0008138  1.0033482
loglik[15]      1.0021478  1.0055990
loglik[16]      1.0014232  1.0057906
loglik[17]      1.0015923  1.0055093
loglik[18]      1.0008378  1.0008904
loglik[19]      1.0005107  1.0023538
loglik[2]       1.0009365  1.0022442
loglik[20]      0.9997242  0.9999271
loglik[21]      1.0001620  1.0013477
loglik[22]      1.0016112  1.0052740
loglik[23]      1.0020938  1.0060022
loglik[24]      1.0004392  1.0009495
loglik[25]      1.0043578  1.0086225
loglik[26]      1.0019052  1.0065262
loglik[27]      1.0004530  1.0014774
loglik[28]      1.0050782  1.0088334
loglik[29]      1.0018817  1.0047824
loglik[3]       1.0021739  1.0091521
loglik[30]      1.0003590  1.0020050
loglik[31]      1.0009414  1.0037288
loglik[32]      1.0002322  1.0007474
loglik[33]      1.0002651  1.0016338
loglik[34]      1.0012665  1.0051949
loglik[35]      1.0008114  1.0022543
loglik[4]       1.0019390  1.0076133
loglik[5]       1.0017720  1.0042386
loglik[6]       1.0032893  1.0066976
loglik[7]       1.0012155  1.0043268
loglik[8]       1.0014568  1.0033159
loglik[9]       1.0027808  1.0037871
p.global[1]     1.0003759  1.0010338
p.global[2]     1.0058850  1.0201571
p.global[3]     1.0024212  1.0083698
p.global[4]     1.0047813  1.0170690

################################################################################
# Geweke Diagnostic
################################################################################

The Geweke diagnostic is a standard z-score, so we'd expect 5% to be outside +/-1.96
Number of variables outside +/-1.96 in each chain (out of 
130
):


       Chain 1 Chain 2 Chain 3
Geweke      17       8       5


And here are the Geweke diagnostics for all variables:

               chain1 chain2 chain3
deviance       -0.783  0.891  0.195
ilr.fac1[10,1] -0.812  1.541 -1.486
ilr.fac1[10,2] -0.166  1.884  0.566
ilr.fac1[10,3] -0.613  0.009 -2.398
ilr.fac1[11,1]  1.290 -0.564  2.008
ilr.fac1[11,2]  0.263 -1.373  0.023
ilr.fac1[11,3]  0.986  0.580 -1.004
ilr.fac1[12,1]  0.300 -1.027  0.459
ilr.fac1[12,2] -1.010 -0.724  0.584
ilr.fac1[12,3]  2.032  1.954 -0.329
ilr.fac1[13,1] -1.103  0.402 -1.511
ilr.fac1[13,2]  0.413 -0.602 -0.050
ilr.fac1[13,3] -1.890  0.654 -0.461
ilr.fac1[14,1] -0.998 -0.418  1.154
ilr.fac1[14,2] -0.926 -0.721  0.327
ilr.fac1[14,3] -0.490  1.668 -0.698
ilr.fac1[15,1] -0.201 -1.385 -1.413
ilr.fac1[15,2] -1.866 -2.159 -1.347
ilr.fac1[15,3] -0.267 -1.207 -0.675
ilr.fac1[16,1]  0.935  0.567 -0.158
ilr.fac1[16,2]  3.427  0.351 -0.629
ilr.fac1[16,3]  0.637 -0.107  1.767
ilr.fac1[17,1] -0.411 -0.194  0.832
ilr.fac1[17,2] -1.317 -1.071  0.810
ilr.fac1[17,3] -0.191 -1.003 -0.502
ilr.fac1[18,1] -2.001  0.430  0.917
ilr.fac1[18,2] -0.659 -1.208  1.494
ilr.fac1[18,3]  0.027  0.336 -0.126
ilr.fac1[19,1] -0.258 -0.147 -0.418
ilr.fac1[19,2]  1.894 -1.386 -0.252
ilr.fac1[19,3] -2.022 -0.273  0.792
ilr.fac1[2,1]  -0.045  1.499 -0.136
ilr.fac1[2,2]   0.559  0.146 -0.643
ilr.fac1[2,3]  -0.400  0.946  0.794
ilr.fac1[20,1] -0.009  0.634  0.452
ilr.fac1[20,2] -0.030 -0.846  0.171
ilr.fac1[20,3] -0.929 -0.024 -0.295
ilr.fac1[21,1] -2.392  0.075  0.187
ilr.fac1[21,2] -1.858 -0.374 -0.383
ilr.fac1[21,3] -1.160 -1.365 -1.507
ilr.fac1[22,1]  1.221 -0.544  0.053
ilr.fac1[22,2] -1.421 -0.894 -0.402
ilr.fac1[22,3]  2.063 -1.608 -0.213
ilr.fac1[23,1]  0.606  1.432  0.213
ilr.fac1[23,2]  0.803  3.237 -0.091
ilr.fac1[23,3]  0.194  2.116  1.248
ilr.fac1[24,1] -0.206  0.219 -1.505
ilr.fac1[24,2] -1.169 -0.461 -1.775
ilr.fac1[24,3] -0.306 -2.682 -0.540
ilr.fac1[25,1] -0.549 -0.326 -0.107
ilr.fac1[25,2] -2.275  0.043  3.275
ilr.fac1[25,3] -0.140 -0.574 -0.345
ilr.fac1[26,1] -1.433  0.436  0.482
ilr.fac1[26,2]  0.778 -1.289  0.639
ilr.fac1[26,3] -1.964  1.502 -1.510
ilr.fac1[27,1]  0.931  0.280  0.574
ilr.fac1[27,2]  0.880  0.833 -0.315
ilr.fac1[27,3]  0.804  1.454 -0.031
ilr.fac1[3,1]   2.225  0.728  0.663
ilr.fac1[3,2]   3.109  0.608  0.480
ilr.fac1[3,3]   1.012 -1.976  0.255
ilr.fac1[4,1]  -0.770  0.943  0.561
ilr.fac1[4,2]   0.306  1.127  1.130
ilr.fac1[4,3]  -0.326 -1.426  0.656
ilr.fac1[5,1]   0.732 -0.217 -0.702
ilr.fac1[5,2]  -0.006  0.158 -1.512
ilr.fac1[5,3]   2.383  0.848  2.730
ilr.fac1[6,1]  -0.394 -0.307 -0.256
ilr.fac1[6,2]  -2.254  0.189  0.147
ilr.fac1[6,3]  -1.415  0.794 -1.527
ilr.fac1[7,1]   1.115 -0.628 -0.729
ilr.fac1[7,2]   0.829 -0.156  0.473
ilr.fac1[7,3]  -2.267  0.053 -0.086
ilr.fac1[8,1]   0.817 -1.106 -1.104
ilr.fac1[8,2]   1.830  1.934 -0.036
ilr.fac1[8,3]   0.215 -0.563  0.117
ilr.fac1[9,1]   1.082  2.123  1.091
ilr.fac1[9,2]   0.482  0.997  0.870
ilr.fac1[9,3]  -0.184  0.076  0.162
ilr.fac2[2,1]  -0.703  0.079 -1.004
ilr.fac2[2,2]  -0.079 -0.479 -0.439
ilr.fac2[2,3]  -0.585  2.388 -0.123
ilr.global[1]   2.618  0.094  1.119
ilr.global[2]   2.326  0.082  1.011
ilr.global[3]   0.554  0.443 -1.026
loglik[1]      -0.096 -0.365  1.059
loglik[10]     -0.397  0.582  0.314
loglik[11]      0.704  0.010  0.363
loglik[12]      0.988 -0.617 -0.087
loglik[13]      0.388 -0.619 -0.404
loglik[14]      0.949 -0.085  0.862
loglik[15]     -0.289 -0.753 -0.549
loglik[16]     -1.253  0.192  1.325
loglik[17]      1.845  0.257  0.134
loglik[18]     -0.147 -0.238 -0.703
loglik[19]     -0.017  0.005 -0.073
loglik[2]       0.082 -1.372  0.146
loglik[20]      0.806  0.865 -0.055
loglik[21]     -0.079  0.746  2.114
loglik[22]     -0.814  1.203  0.177
loglik[23]      1.848 -0.849 -1.239
loglik[24]      0.189  1.341  0.623
loglik[25]      0.838 -0.032 -0.914
loglik[26]     -0.630  0.870 -0.389
loglik[27]     -0.844 -0.729 -0.153
loglik[28]      0.686 -0.812  0.270
loglik[29]      0.204  0.360  0.442
loglik[3]       1.297 -0.143  0.192
loglik[30]      0.225 -1.575 -0.899
loglik[31]     -0.419  1.257  1.038
loglik[32]      0.496  1.486 -0.160
loglik[33]      3.922 -1.075 -1.576
loglik[34]     -0.576  1.835 -0.783
loglik[35]     -0.923 -0.388  1.591
loglik[4]      -0.210 -4.222 -0.444
loglik[5]      -0.373  0.541 -0.404
loglik[6]      -0.844 -1.211 -0.398
loglik[7]       0.896 -0.455 -0.191
loglik[8]      -1.273  0.025 -0.467
loglik[9]       1.411 -1.511 -1.513
p.global[1]     2.180  0.428  1.237
p.global[2]    -0.395 -0.788 -0.639
p.global[3]    -1.510  0.073 -0.869
p.global[4]    -0.023 -0.147 -0.089
