
################################################################################
# Gelman-Rubin Diagnostic
################################################################################

Generally the Gelman diagnostic should be < 1.05


Out of 70 variables: 28 > 1.01

                      
7 > 1.05

                      
2 > 1.1


The worst variables are:

               Point est. Upper C.I.
ilr.fac2[2,1]    1.115131   1.139258
ilr.fac2[5,1]    1.114859   1.155943
ilr.fac2[5,3]    1.087597   1.112627
ilr.fac2[9,1]    1.075587   1.081038
fac2.sig         1.067923   1.085881
ilr.fac2[3,2]    1.067053   1.074568
ilr.fac2[10,3]   1.064722   1.068859
ilr.fac2[7,2]    1.041675   1.045879
ilr.fac2[8,1]    1.039559   1.045827
ilr.fac2[3,3]    1.036471   1.041192


And here are the Gelman diagnostics for all variables:

               Point est. Upper C.I.
deviance        1.0006069  1.0011478
fac2.sig        1.0679233  1.0858810
ilr.fac1[1,1]         NaN        NaN
ilr.fac1[1,2]         NaN        NaN
ilr.fac1[1,3]         NaN        NaN
ilr.fac1[2,1]   1.0009420  1.0012971
ilr.fac1[2,2]   0.9997746  1.0004244
ilr.fac1[2,3]   1.0009798  1.0036650
ilr.fac2[1,1]   1.0228977  1.0323634
ilr.fac2[1,2]   1.0210438  1.0250156
ilr.fac2[1,3]   1.0095559  1.0107302
ilr.fac2[10,1]  1.0258408  1.0259168
ilr.fac2[10,2]  1.0105360  1.0151829
ilr.fac2[10,3]  1.0647223  1.0688591
ilr.fac2[11,1]  1.0325939  1.0437642
ilr.fac2[11,2]  1.0066252  1.0067659
ilr.fac2[11,3]  1.0216991  1.0286360
ilr.fac2[2,1]   1.1151315  1.1392581
ilr.fac2[2,2]   1.0095027  1.0098296
ilr.fac2[2,3]   1.0153209  1.0187089
ilr.fac2[3,1]   1.0253132  1.0280938
ilr.fac2[3,2]   1.0670532  1.0745676
ilr.fac2[3,3]   1.0364710  1.0411920
ilr.fac2[4,1]   1.0087610  1.0134155
ilr.fac2[4,2]   1.0150778  1.0159864
ilr.fac2[4,3]   1.0056677  1.0067574
ilr.fac2[5,1]   1.1148594  1.1559426
ilr.fac2[5,2]   1.0046136  1.0105147
ilr.fac2[5,3]   1.0875973  1.1126270
ilr.fac2[6,1]   1.0171262  1.0212512
ilr.fac2[6,2]   1.0143030  1.0151835
ilr.fac2[6,3]   1.0170194  1.0186193
ilr.fac2[7,1]   1.0155724  1.0178778
ilr.fac2[7,2]   1.0416749  1.0458793
ilr.fac2[7,3]   1.0093286  1.0099004
ilr.fac2[8,1]   1.0395589  1.0458267
ilr.fac2[8,2]   1.0219561  1.0243175
ilr.fac2[8,3]   1.0111879  1.0175213
ilr.fac2[9,1]   1.0755868  1.0810376
ilr.fac2[9,2]   1.0200896  1.0205678
ilr.fac2[9,3]   1.0142608  1.0198885
ilr.global[1]   0.9997031  1.0000635
ilr.global[2]   1.0003737  1.0010028
ilr.global[3]   1.0023391  1.0038784
loglik[1]       1.0057990  1.0103238
loglik[10]      1.0081068  1.0085852
loglik[11]      1.0002343  1.0003185
loglik[12]      1.0005574  1.0023823
loglik[13]      1.0011776  1.0012106
loglik[14]      0.9999363  1.0007002
loglik[2]       0.9999538  1.0001735
loglik[3]       1.0000939  1.0012361
loglik[4]       1.0022121  1.0028435
loglik[5]       1.0022905  1.0043396
loglik[6]       1.0004645  1.0006449
loglik[7]       1.0018134  1.0068923
loglik[8]       1.0005278  1.0012855
loglik[9]       1.0005020  1.0017895
p.fac1[1,1]     0.9997550  0.9998848
p.fac1[1,2]     0.9996371  0.9997544
p.fac1[1,3]     0.9999998  1.0000662
p.fac1[1,4]     1.0042488  1.0051048
p.fac1[2,1]     1.0004470  1.0017634
p.fac1[2,2]     1.0014240  1.0043792
p.fac1[2,3]     1.0008142  1.0012238
p.fac1[2,4]     1.0292441  1.0339665
p.global[1]     0.9997550  0.9998848
p.global[2]     0.9996371  0.9997544
p.global[3]     0.9999998  1.0000662
p.global[4]     1.0042488  1.0051048

################################################################################
# Geweke Diagnostic
################################################################################

The Geweke diagnostic is a standard z-score, so we'd expect 5% to be outside +/-1.96
Number of variables outside +/-1.96 in each chain (out of 
70
):


       Chain 1 Chain 2 Chain 3
Geweke       9       2      27


And here are the Geweke diagnostics for all variables:

               chain1 chain2 chain3
deviance        0.727 -0.767  1.904
fac2.sig       -1.655  0.901 -3.180
ilr.fac1[2,1]  -0.920 -0.600  1.560
ilr.fac1[2,2]   0.133 -1.459 -0.564
ilr.fac1[2,3]   2.043  0.038  0.559
ilr.fac2[1,1]   1.943 -1.299  2.723
ilr.fac2[1,2]  -2.242  0.730 -2.267
ilr.fac2[1,3]  -0.076 -0.746 -0.854
ilr.fac2[10,1] -1.309 -0.679 -2.560
ilr.fac2[10,2] -1.264  0.916 -2.217
ilr.fac2[10,3]  0.734  0.906 -1.070
ilr.fac2[11,1] -2.924  1.008 -2.624
ilr.fac2[11,2] -0.134  1.012 -0.656
ilr.fac2[11,3] -2.227 -1.713 -3.462
ilr.fac2[2,1]   0.950 -1.383  2.873
ilr.fac2[2,2]   1.050 -1.227  2.359
ilr.fac2[2,3]  -1.550 -0.411 -3.325
ilr.fac2[3,1]  -2.222 -0.127 -1.843
ilr.fac2[3,2]  -0.777  0.495 -2.727
ilr.fac2[3,3]  -1.008  0.752 -1.155
ilr.fac2[4,1]  -1.352  1.481 -2.447
ilr.fac2[4,2]   2.373  0.085  2.732
ilr.fac2[4,3]   0.823  0.321  0.928
ilr.fac2[5,1]  -0.266 -1.070  2.391
ilr.fac2[5,2]  -0.701  0.014 -0.284
ilr.fac2[5,3]  -0.280 -0.146 -2.151
ilr.fac2[6,1]   0.448  0.775  3.576
ilr.fac2[6,2]  -0.407  0.869 -0.808
ilr.fac2[6,3]  -1.843 -3.175  1.648
ilr.fac2[7,1]   1.954 -0.027  1.437
ilr.fac2[7,2]  -0.781  1.092 -1.137
ilr.fac2[7,3]  -0.413 -1.237 -2.609
ilr.fac2[8,1]   2.714 -0.257  2.614
ilr.fac2[8,2]   0.319  0.766 -3.396
ilr.fac2[8,3]  -0.014 -1.756 -1.462
ilr.fac2[9,1]  -1.072  0.705 -1.456
ilr.fac2[9,2]  -0.619 -0.996  2.566
ilr.fac2[9,3]   0.291  0.417 -2.944
ilr.global[1]  -0.666  1.187 -1.923
ilr.global[2]  -1.925  0.794 -1.616
ilr.global[3]  -0.521  0.798 -0.966
loglik[1]       1.625  0.193 -1.869
loglik[10]      1.219 -0.799  1.803
loglik[11]      3.219 -1.077  0.495
loglik[12]      0.222  1.629 -0.949
loglik[13]     -1.003 -1.118 -0.471
loglik[14]     -2.038  1.047 -2.022
loglik[2]      -0.294  1.333 -1.459
loglik[3]       1.623 -0.443 -2.013
loglik[4]      -0.657  1.113 -1.070
loglik[5]      -0.118 -0.046  0.922
loglik[6]      -1.931 -0.214 -1.891
loglik[7]      -1.765  2.364 -2.194
loglik[8]       0.900 -0.075  0.915
loglik[9]      -0.353  0.192 -0.756
p.fac1[1,1]    -1.346  1.015 -2.535
p.fac1[1,2]    -0.683 -0.384  1.921
p.fac1[1,3]     1.792 -1.033  1.517
p.fac1[1,4]    -0.019 -0.282  0.970
p.fac1[2,1]    -1.151  0.135 -1.979
p.fac1[2,2]     1.027 -0.465  1.235
p.fac1[2,3]     1.091  0.787  1.834
p.fac1[2,4]    -1.564 -0.178  0.259
p.global[1]    -1.346  1.015 -2.535
p.global[2]    -0.683 -0.384  1.921
p.global[3]     1.792 -1.033  1.517
p.global[4]    -0.019 -0.282  0.970
