
################################################################################
# Gelman-Rubin Diagnostic
################################################################################

Generally the Gelman diagnostic should be < 1.05


Out of 58 variables: 25 > 1.01

                      
25 > 1.05

                      
15 > 1.1


The worst variables are:

              Point est. Upper C.I.
ilr.fac2[5,1]   1.147337   1.178175
ilr.fac2[2,1]   1.147306   1.199878
ilr.fac2[6,3]   1.130288   1.130342
ilr.fac2[1,2]   1.127659   1.139581
ilr.fac2[3,1]   1.127247   1.147656
ilr.fac2[4,3]   1.126968   1.137308
fac2.sig        1.118081   1.186739
ilr.fac2[5,3]   1.117280   1.129346
ilr.fac2[1,1]   1.115769   1.148992
ilr.fac2[4,2]   1.112516   1.123270


And here are the Gelman diagnostics for all variables:

              Point est. Upper C.I.
deviance        1.000234   1.001744
fac2.sig        1.118081   1.186739
ilr.fac1[1,1]        NaN        NaN
ilr.fac1[1,2]        NaN        NaN
ilr.fac1[1,3]        NaN        NaN
ilr.fac1[2,1]   1.000406   1.000675
ilr.fac1[2,2]   1.000803   1.001702
ilr.fac1[2,3]   1.000448   1.002609
ilr.fac2[1,1]   1.115769   1.148992
ilr.fac2[1,2]   1.127659   1.139581
ilr.fac2[1,3]   1.080756   1.087854
ilr.fac2[2,1]   1.147306   1.199878
ilr.fac2[2,2]   1.111199   1.122773
ilr.fac2[2,3]   1.080493   1.081387
ilr.fac2[3,1]   1.127247   1.147656
ilr.fac2[3,2]   1.066030   1.068432
ilr.fac2[3,3]   1.084273   1.084816
ilr.fac2[4,1]   1.094161   1.119137
ilr.fac2[4,2]   1.112516   1.123270
ilr.fac2[4,3]   1.126968   1.137308
ilr.fac2[5,1]   1.147337   1.178175
ilr.fac2[5,2]   1.051325   1.054008
ilr.fac2[5,3]   1.117280   1.129346
ilr.fac2[6,1]   1.101403   1.107694
ilr.fac2[6,2]   1.094701   1.105931
ilr.fac2[6,3]   1.130288   1.130342
ilr.fac2[7,1]   1.089191   1.089519
ilr.fac2[7,2]   1.109445   1.118452
ilr.fac2[7,3]   1.107485   1.129593
ilr.fac2[8,1]   1.076697   1.103418
ilr.fac2[8,2]   1.103218   1.111111
ilr.fac2[8,3]   1.070337   1.072824
ilr.global[1]   1.001197   1.005725
ilr.global[2]   1.002228   1.004996
ilr.global[3]   1.000753   1.003584
loglik[1]       1.000570   1.002486
loglik[2]       1.001151   1.001579
loglik[3]       1.001414   1.002483
loglik[4]       1.000493   1.001241
loglik[5]       1.000736   1.003571
loglik[6]       1.001080   1.004305
loglik[7]       1.000552   1.002666
loglik[8]       1.000616   1.001259
loglik[9]       1.000298   1.000820
p.fac1[1,1]     1.000824   1.002241
p.fac1[1,2]     1.000494   1.002283
p.fac1[1,3]     1.002847   1.009577
p.fac1[1,4]     1.001619   1.006457
p.fac1[2,1]     1.000067   1.001430
p.fac1[2,2]     1.000911   1.002709
p.fac1[2,3]     1.001818   1.007642
p.fac1[2,4]     1.003957   1.013084
p.global[1]     1.000824   1.002241
p.global[2]     1.000494   1.002283
p.global[3]     1.002847   1.009577
p.global[4]     1.001619   1.006457
resid.prop[1]   1.000067   1.000581
resid.prop[2]   1.000117   1.001605

################################################################################
# Geweke Diagnostic
################################################################################

The Geweke diagnostic is a standard z-score, so we'd expect 5% to be outside +/-1.96
Number of variables outside +/-1.96 in each chain (out of 
58
):


       Chain 1 Chain 2 Chain 3
Geweke       1       6      15


And here are the Geweke diagnostics for all variables:

              chain1 chain2 chain3
deviance      -0.975 -2.145  3.222
fac2.sig       0.041 -1.038 -1.727
ilr.fac1[2,1] -1.111  1.510 -1.005
ilr.fac1[2,2] -0.764  0.606 -0.897
ilr.fac1[2,3] -0.472 -0.252  0.194
ilr.fac2[1,1]  0.362 -1.308 -1.628
ilr.fac2[1,2]  0.633 -0.785 -1.590
ilr.fac2[1,3]  0.530 -0.601 -2.106
ilr.fac2[2,1]  0.275 -1.230 -0.709
ilr.fac2[2,2]  0.248 -0.874 -1.610
ilr.fac2[2,3]  0.404  0.931  0.549
ilr.fac2[3,1] -0.534 -1.290 -1.194
ilr.fac2[3,2]  1.080 -1.818 -1.510
ilr.fac2[3,3] -0.093 -0.008  1.203
ilr.fac2[4,1]  1.312 -1.260 -2.535
ilr.fac2[4,2]  0.490 -1.194 -1.582
ilr.fac2[4,3]  0.912 -0.513 -0.527
ilr.fac2[5,1]  0.095 -0.960 -1.530
ilr.fac2[5,2] -0.937 -0.954 -2.145
ilr.fac2[5,3] -0.495 -1.062 -0.262
ilr.fac2[6,1] -1.354 -1.188 -1.482
ilr.fac2[6,2] -1.387  1.134 -1.956
ilr.fac2[6,3] -0.773 -0.569 -0.933
ilr.fac2[7,1] -0.718 -0.015 -0.204
ilr.fac2[7,2] -0.698 -0.408  1.974
ilr.fac2[7,3]  0.264  0.959  2.791
ilr.fac2[8,1] -1.056 -0.836 -1.689
ilr.fac2[8,2]  0.177 -0.523  0.846
ilr.fac2[8,3]  1.352 -0.612 -1.041
ilr.global[1]  0.430  1.028 -2.339
ilr.global[2]  0.615  1.248  0.391
ilr.global[3] -1.566  0.052  2.019
loglik[1]      0.155  2.492 -1.730
loglik[2]      0.134  1.246 -0.903
loglik[3]      0.210  1.890 -2.023
loglik[4]     -0.891  1.231 -2.632
loglik[5]     -0.027  2.329 -3.684
loglik[6]      0.923  1.861 -0.231
loglik[7]     -0.277  2.214 -3.086
loglik[8]      1.875  1.125 -1.655
loglik[9]      2.576 -0.521 -0.425
p.fac1[1,1]    0.082  1.801  0.062
p.fac1[1,2]   -0.704 -1.274  1.406
p.fac1[1,3]   -1.058 -1.772  1.193
p.fac1[1,4]    1.442  0.185 -2.042
p.fac1[2,1]   -1.295  2.196 -0.367
p.fac1[2,2]   -0.588 -1.717  1.983
p.fac1[2,3]    0.030 -1.529  0.728
p.fac1[2,4]    1.865 -0.403 -0.843
p.global[1]    0.082  1.801  0.062
p.global[2]   -0.704 -1.274  1.406
p.global[3]   -1.058 -1.772  1.193
p.global[4]    1.442  0.185 -2.042
resid.prop[1]  0.064 -2.010 -0.001
resid.prop[2] -0.385  0.354  0.849
