
################################################################################
# Gelman-Rubin Diagnostic
################################################################################

Generally the Gelman diagnostic should be < 1.05


Out of 85 variables: 13 > 1.01

                      
4 > 1.05

                      
0 > 1.1


The worst variables are:

              Point est. Upper C.I.
p.fac1[1,3]     1.066346   1.193574
p.global[3]     1.066346   1.193574
p.fac1[2,3]     1.064023   1.186362
ilr.global[2]   1.052810   1.169366
p.fac1[1,1]     1.046422   1.134440
p.global[1]     1.046422   1.134440
p.fac1[2,1]     1.046193   1.142465
ilr.global[3]   1.020976   1.038886
ilr.global[1]   1.016903   1.020731
ilr.fac1[2,1]   1.015746   1.047158


And here are the Gelman diagnostics for all variables:

               Point est. Upper C.I.
deviance        1.0045690   1.013714
fac2.sig        1.0080315   1.025784
ilr.fac1[1,1]         NaN        NaN
ilr.fac1[1,2]         NaN        NaN
ilr.fac1[1,3]         NaN        NaN
ilr.fac1[2,1]   1.0157456   1.047158
ilr.fac1[2,2]   1.0074458   1.027717
ilr.fac1[2,3]   1.0014016   1.005745
ilr.fac2[1,1]   1.0026250   1.009312
ilr.fac2[1,2]   1.0039715   1.013478
ilr.fac2[1,3]   1.0034549   1.003479
ilr.fac2[10,1]  0.9999290   1.000390
ilr.fac2[10,2]  1.0019952   1.005005
ilr.fac2[10,3]  1.0023734   1.008601
ilr.fac2[11,1]  1.0010234   1.001331
ilr.fac2[11,2]  1.0061170   1.015574
ilr.fac2[11,3]  1.0025750   1.002848
ilr.fac2[12,1]  1.0054120   1.009112
ilr.fac2[12,2]  1.0014741   1.004378
ilr.fac2[12,3]  1.0067942   1.021260
ilr.fac2[13,1]  1.0017720   1.007786
ilr.fac2[13,2]  1.0039626   1.008441
ilr.fac2[13,3]  1.0051600   1.007224
ilr.fac2[14,1]  0.9995593   0.999645
ilr.fac2[14,2]  1.0013184   1.005249
ilr.fac2[14,3]  1.0003943   1.000869
ilr.fac2[2,1]   1.0020373   1.006755
ilr.fac2[2,2]   1.0043234   1.010969
ilr.fac2[2,3]   1.0014693   1.004025
ilr.fac2[3,1]   1.0036714   1.011341
ilr.fac2[3,2]   1.0020660   1.007625
ilr.fac2[3,3]   1.0023455   1.003782
ilr.fac2[4,1]   1.0000262   1.000872
ilr.fac2[4,2]   1.0005739   1.002427
ilr.fac2[4,3]   1.0018063   1.003810
ilr.fac2[5,1]   1.0007664   1.004011
ilr.fac2[5,2]   1.0011330   1.003614
ilr.fac2[5,3]   1.0013277   1.001942
ilr.fac2[6,1]   1.0032040   1.003990
ilr.fac2[6,2]   1.0022422   1.002341
ilr.fac2[6,3]   0.9999154   1.000703
ilr.fac2[7,1]   1.0013205   1.005285
ilr.fac2[7,2]   1.0076790   1.013186
ilr.fac2[7,3]   1.0024484   1.003328
ilr.fac2[8,1]   1.0015555   1.006968
ilr.fac2[8,2]   1.0039424   1.004947
ilr.fac2[8,3]   1.0001531   1.000405
ilr.fac2[9,1]   1.0002481   1.000695
ilr.fac2[9,2]   1.0038788   1.003952
ilr.fac2[9,3]   1.0031715   1.009997
ilr.global[1]   1.0169034   1.020731
ilr.global[2]   1.0528096   1.169366
ilr.global[3]   1.0209760   1.038886
loglik[1]       1.0049062   1.015509
loglik[10]      1.0101641   1.035761
loglik[11]      1.0005092   1.002852
loglik[12]      1.0133623   1.041477
loglik[13]      1.0108450   1.034867
loglik[14]      1.0054157   1.005936
loglik[15]      1.0001413   1.000548
loglik[16]      1.0018754   1.005399
loglik[17]      1.0028702   1.011570
loglik[18]      1.0024928   1.006835
loglik[19]      1.0042791   1.016670
loglik[2]       1.0003881   1.000499
loglik[20]      1.0043998   1.009773
loglik[3]       1.0062381   1.023247
loglik[4]       1.0014859   1.004677
loglik[5]       1.0005023   1.001196
loglik[6]       1.0029520   1.006091
loglik[7]       1.0007611   1.002362
loglik[8]       1.0002904   1.002374
loglik[9]       1.0008620   1.001393
p.fac1[1,1]     1.0464222   1.134440
p.fac1[1,2]     1.0057629   1.011587
p.fac1[1,3]     1.0663460   1.193574
p.fac1[1,4]     1.0091509   1.028045
p.fac1[2,1]     1.0461933   1.142465
p.fac1[2,2]     1.0093501   1.013048
p.fac1[2,3]     1.0640231   1.186362
p.fac1[2,4]     1.0078858   1.029186
p.global[1]     1.0464222   1.134440
p.global[2]     1.0057629   1.011587
p.global[3]     1.0663460   1.193574
p.global[4]     1.0091509   1.028045

################################################################################
# Geweke Diagnostic
################################################################################

The Geweke diagnostic is a standard z-score, so we'd expect 5% to be outside +/-1.96
Number of variables outside +/-1.96 in each chain (out of 
85
):


       Chain 1 Chain 2 Chain 3
Geweke      25       2       5


And here are the Geweke diagnostics for all variables:

               chain1 chain2 chain3
deviance       -1.497  0.270  0.358
fac2.sig       -1.518 -0.521 -0.329
ilr.fac1[2,1]  -2.242 -0.462 -0.815
ilr.fac1[2,2]  -2.835 -0.962 -0.595
ilr.fac1[2,3]  -1.415  0.609 -0.972
ilr.fac2[1,1]   1.353 -0.533 -2.095
ilr.fac2[1,2]   0.888  0.975  1.441
ilr.fac2[1,3]  -0.670  1.843  1.515
ilr.fac2[10,1]  4.406  0.114 -2.294
ilr.fac2[10,2]  2.536  0.646  0.839
ilr.fac2[10,3]  2.226  1.225  0.534
ilr.fac2[11,1] -1.793 -0.409 -1.303
ilr.fac2[11,2] -1.590 -1.196 -0.747
ilr.fac2[11,3] -1.200  0.071 -0.342
ilr.fac2[12,1] -3.376 -0.360 -1.514
ilr.fac2[12,2] -2.051 -0.587 -0.226
ilr.fac2[12,3] -2.278 -0.399  0.055
ilr.fac2[13,1] -3.178  1.427  0.464
ilr.fac2[13,2] -0.009 -0.334 -2.204
ilr.fac2[13,3] -0.787 -0.359 -0.417
ilr.fac2[14,1]  0.512  0.047 -0.312
ilr.fac2[14,2]  1.141 -0.674  0.198
ilr.fac2[14,3] -0.248 -0.626  0.108
ilr.fac2[2,1]   1.305  0.098 -0.361
ilr.fac2[2,2]   1.702  1.433  0.930
ilr.fac2[2,3]  -0.772  0.904 -1.909
ilr.fac2[3,1]  -1.331 -0.608 -0.326
ilr.fac2[3,2]  -2.284 -0.587  0.872
ilr.fac2[3,3]  -1.875 -2.079  0.344
ilr.fac2[4,1]   2.306  0.343 -1.094
ilr.fac2[4,2]   0.485 -0.458  0.420
ilr.fac2[4,3]  -0.602 -0.817 -0.301
ilr.fac2[5,1]  -3.431 -0.449  0.151
ilr.fac2[5,2]  -1.228  0.134 -0.230
ilr.fac2[5,3]  -0.418 -2.844 -1.947
ilr.fac2[6,1]   0.535 -0.895 -1.134
ilr.fac2[6,2]  -0.016  0.018  0.278
ilr.fac2[6,3]  -1.032 -0.679 -1.694
ilr.fac2[7,1]  -1.511 -0.274 -0.632
ilr.fac2[7,2]  -0.877 -1.070  0.050
ilr.fac2[7,3]  -0.546  0.547 -0.196
ilr.fac2[8,1]   1.274 -0.428  1.091
ilr.fac2[8,2]   1.065 -0.947  0.447
ilr.fac2[8,3]   0.313 -0.728 -0.396
ilr.fac2[9,1]  -0.919 -0.763  1.945
ilr.fac2[9,2]   2.065 -0.490  1.232
ilr.fac2[9,3]   1.267 -0.253 -1.512
ilr.global[1]   1.212  0.120 -1.541
ilr.global[2]  -2.609 -0.259  0.145
ilr.global[3]  -1.469 -0.003  1.514
loglik[1]      -1.037 -0.090 -0.173
loglik[10]      2.698  0.160  0.942
loglik[11]      0.159 -0.509  1.163
loglik[12]      2.065 -0.200  0.341
loglik[13]      1.843 -0.034  0.377
loglik[14]      0.905 -0.122 -1.651
loglik[15]     -1.168  0.266 -0.526
loglik[16]     -0.797  0.041 -1.369
loglik[17]     -0.719 -1.212 -1.193
loglik[18]      2.825 -0.253 -0.866
loglik[19]      1.564  0.382  1.028
loglik[2]      -1.195  0.325  0.203
loglik[20]      2.564 -0.790 -0.267
loglik[3]       0.773  0.594  1.419
loglik[4]       0.660  0.728 -0.227
loglik[5]       0.907  0.414 -1.956
loglik[6]      -1.468 -1.323 -1.303
loglik[7]      -1.223 -0.573 -1.391
loglik[8]       0.483 -0.410 -1.046
loglik[9]      -0.788 -0.645 -1.389
p.fac1[1,1]    -1.671 -0.172 -0.500
p.fac1[1,2]    -2.623  0.734  1.460
p.fac1[1,3]     2.355  0.202  0.494
p.fac1[1,4]     1.175 -1.012 -2.309
p.fac1[2,1]    -1.990 -0.394 -0.547
p.fac1[2,2]    -3.745  0.564  1.447
p.fac1[2,3]     2.320  0.357  0.461
p.fac1[2,4]     1.676 -0.069 -1.260
p.global[1]    -1.671 -0.172 -0.500
p.global[2]    -2.623  0.734  1.460
p.global[3]     2.355  0.202  0.494
p.global[4]     1.175 -1.012 -2.309
