
################################################################################
# Gelman-Rubin Diagnostic
################################################################################

Generally the Gelman diagnostic should be < 1.05


Out of 109 variables: 1 > 1.01

                      
0 > 1.05

                      
0 > 1.1


The worst variables are:

               Point est. Upper C.I.
ilr.global[1]    1.012682   1.029349
fac2.sig         1.007972   1.028595
ilr.fac2[18,2]   1.007953   1.017171
ilr.fac2[13,2]   1.007024   1.013506
ilr.fac2[11,2]   1.006977   1.026412
ilr.global[3]    1.006851   1.023189
p.fac1[1,1]      1.006454   1.022281
p.global[1]      1.006454   1.022281
ilr.fac2[19,3]   1.006409   1.010492
ilr.fac2[18,1]   1.006310   1.011485


And here are the Gelman diagnostics for all variables:

               Point est. Upper C.I.
deviance        1.0025669  1.0070741
fac2.sig        1.0079720  1.0285946
ilr.fac1[1,1]         NaN        NaN
ilr.fac1[1,2]         NaN        NaN
ilr.fac1[1,3]         NaN        NaN
ilr.fac1[2,1]   1.0021176  1.0088149
ilr.fac1[2,2]   1.0037844  1.0126516
ilr.fac1[2,3]   1.0027142  1.0105705
ilr.fac2[1,1]   1.0033594  1.0053525
ilr.fac2[1,2]   1.0021180  1.0049528
ilr.fac2[1,3]   1.0035219  1.0048874
ilr.fac2[10,1]  1.0055953  1.0117511
ilr.fac2[10,2]  1.0020951  1.0060070
ilr.fac2[10,3]  1.0003337  1.0016229
ilr.fac2[11,1]  1.0013185  1.0027027
ilr.fac2[11,2]  1.0069775  1.0264121
ilr.fac2[11,3]  1.0033197  1.0100130
ilr.fac2[12,1]  0.9997449  0.9998248
ilr.fac2[12,2]  1.0018415  1.0029062
ilr.fac2[12,3]  1.0024135  1.0030510
ilr.fac2[13,1]  1.0004098  1.0020195
ilr.fac2[13,2]  1.0070238  1.0135062
ilr.fac2[13,3]  1.0004386  1.0007460
ilr.fac2[14,1]  1.0049203  1.0050442
ilr.fac2[14,2]  1.0025435  1.0030342
ilr.fac2[14,3]  1.0020319  1.0046400
ilr.fac2[15,1]  1.0054740  1.0089875
ilr.fac2[15,2]  1.0009448  1.0018059
ilr.fac2[15,3]  1.0045595  1.0047654
ilr.fac2[16,1]  1.0009001  1.0018124
ilr.fac2[16,2]  1.0008891  1.0024489
ilr.fac2[16,3]  0.9999501  1.0011273
ilr.fac2[17,1]  1.0000340  1.0001851
ilr.fac2[17,2]  1.0033038  1.0060664
ilr.fac2[17,3]  1.0023156  1.0059378
ilr.fac2[18,1]  1.0063103  1.0114849
ilr.fac2[18,2]  1.0079534  1.0171705
ilr.fac2[18,3]  1.0014331  1.0022366
ilr.fac2[19,1]  1.0062065  1.0081310
ilr.fac2[19,2]  1.0029018  1.0046018
ilr.fac2[19,3]  1.0064090  1.0104921
ilr.fac2[2,1]   1.0028224  1.0037231
ilr.fac2[2,2]   1.0010193  1.0018502
ilr.fac2[2,3]   1.0011209  1.0049280
ilr.fac2[20,1]  1.0036465  1.0042707
ilr.fac2[20,2]  1.0028968  1.0070940
ilr.fac2[20,3]  1.0005323  1.0024550
ilr.fac2[21,1]  1.0008539  1.0023011
ilr.fac2[21,2]  1.0038294  1.0089336
ilr.fac2[21,3]  1.0061773  1.0136988
ilr.fac2[3,1]   1.0002174  1.0009981
ilr.fac2[3,2]   1.0036409  1.0074051
ilr.fac2[3,3]   1.0031327  1.0032344
ilr.fac2[4,1]   1.0047282  1.0057629
ilr.fac2[4,2]   1.0002826  1.0017399
ilr.fac2[4,3]   0.9999759  1.0002698
ilr.fac2[5,1]   1.0027466  1.0084570
ilr.fac2[5,2]   1.0028201  1.0034399
ilr.fac2[5,3]   1.0006205  1.0006205
ilr.fac2[6,1]   1.0023036  1.0031855
ilr.fac2[6,2]   1.0035620  1.0055091
ilr.fac2[6,3]   1.0022337  1.0032964
ilr.fac2[7,1]   1.0015110  1.0045356
ilr.fac2[7,2]   1.0033400  1.0067032
ilr.fac2[7,3]   1.0012373  1.0014374
ilr.fac2[8,1]   1.0020954  1.0044149
ilr.fac2[8,2]   1.0032658  1.0094190
ilr.fac2[8,3]   1.0011982  1.0020431
ilr.fac2[9,1]   1.0025232  1.0050227
ilr.fac2[9,2]   1.0025541  1.0103244
ilr.fac2[9,3]   1.0027853  1.0036690
ilr.global[1]   1.0126823  1.0293494
ilr.global[2]   1.0055513  1.0211005
ilr.global[3]   1.0068507  1.0231895
loglik[1]       1.0025472  1.0085227
loglik[10]      1.0012367  1.0014395
loglik[11]      1.0001095  1.0015377
loglik[12]      1.0009990  1.0021020
loglik[13]      1.0021576  1.0072173
loglik[14]      1.0019539  1.0040990
loglik[15]      1.0031647  1.0098382
loglik[16]      1.0015870  1.0054393
loglik[17]      1.0023481  1.0090153
loglik[18]      1.0021537  1.0046260
loglik[19]      1.0029036  1.0115164
loglik[2]       0.9996162  0.9998063
loglik[20]      1.0036373  1.0096330
loglik[21]      1.0007232  1.0034615
loglik[22]      1.0002628  1.0018999
loglik[23]      1.0020332  1.0066137
loglik[3]       1.0036812  1.0070508
loglik[4]       1.0014746  1.0046542
loglik[5]       1.0038443  1.0087273
loglik[6]       1.0011540  1.0040628
loglik[7]       1.0021439  1.0084454
loglik[8]       1.0007526  1.0012940
loglik[9]       0.9997126  0.9998907
p.fac1[1,1]     1.0064536  1.0222807
p.fac1[1,2]     1.0053181  1.0150403
p.fac1[1,3]     1.0029841  1.0105709
p.fac1[1,4]     1.0055351  1.0191174
p.fac1[2,1]     1.0029398  1.0108695
p.fac1[2,2]     1.0000164  1.0011864
p.fac1[2,3]     1.0009700  1.0044786
p.fac1[2,4]     1.0004361  1.0015161
p.global[1]     1.0064536  1.0222807
p.global[2]     1.0053181  1.0150403
p.global[3]     1.0029841  1.0105709
p.global[4]     1.0055351  1.0191174

################################################################################
# Geweke Diagnostic
################################################################################

The Geweke diagnostic is a standard z-score, so we'd expect 5% to be outside +/-1.96
Number of variables outside +/-1.96 in each chain (out of 
109
):


       Chain 1 Chain 2 Chain 3
Geweke      27      17      12


And here are the Geweke diagnostics for all variables:

               chain1 chain2 chain3
deviance       -3.807 -1.085  2.001
fac2.sig        1.802  0.854 -1.276
ilr.fac1[2,1]  -2.594 -2.542  0.346
ilr.fac1[2,2]  -2.063 -1.614 -0.052
ilr.fac1[2,3]  -1.267 -2.673 -0.428
ilr.fac2[1,1]   0.889  1.373  0.318
ilr.fac2[1,2]  -3.054  1.393  1.939
ilr.fac2[1,3]  -1.792  2.431  1.756
ilr.fac2[10,1] -1.084  0.301  1.415
ilr.fac2[10,2]  1.562  1.648 -2.005
ilr.fac2[10,3] -2.361 -0.609  1.659
ilr.fac2[11,1] -1.327  0.106  0.059
ilr.fac2[11,2] -1.517  0.222  1.106
ilr.fac2[11,3]  1.684  0.519 -0.082
ilr.fac2[12,1] -1.627 -0.667 -0.875
ilr.fac2[12,2] -0.688 -0.655  2.850
ilr.fac2[12,3]  1.235  0.380 -0.566
ilr.fac2[13,1]  0.260 -0.269  0.552
ilr.fac2[13,2]  0.637 -1.099 -3.289
ilr.fac2[13,3]  0.207  1.127 -1.242
ilr.fac2[14,1] -0.997  0.184 -0.706
ilr.fac2[14,2] -1.085  1.019  2.204
ilr.fac2[14,3]  0.009 -0.068 -0.913
ilr.fac2[15,1]  2.065  1.061  0.234
ilr.fac2[15,2]  0.742  1.196 -2.280
ilr.fac2[15,3]  1.377  0.092 -1.086
ilr.fac2[16,1] -0.302 -1.054  1.227
ilr.fac2[16,2]  1.570 -1.467  1.150
ilr.fac2[16,3]  1.109  0.239 -1.553
ilr.fac2[17,1]  0.102  2.106  0.117
ilr.fac2[17,2]  0.983  1.281  0.027
ilr.fac2[17,3]  1.225 -0.859  2.128
ilr.fac2[18,1]  0.295 -0.455 -1.534
ilr.fac2[18,2] -0.653 -0.217  0.901
ilr.fac2[18,3]  1.509 -0.280 -0.604
ilr.fac2[19,1] -1.119 -0.396 -1.149
ilr.fac2[19,2]  0.620 -0.658  1.093
ilr.fac2[19,3] -0.405  0.021  0.546
ilr.fac2[2,1]  -0.685 -0.646  0.406
ilr.fac2[2,2]   1.008 -0.845  0.007
ilr.fac2[2,3]  -0.808 -0.006  0.604
ilr.fac2[20,1]  0.672 -1.882 -2.104
ilr.fac2[20,2] -0.317 -1.139  1.181
ilr.fac2[20,3] -0.506 -1.167  0.077
ilr.fac2[21,1] -2.043 -0.342  0.144
ilr.fac2[21,2]  0.103 -1.537  0.925
ilr.fac2[21,3] -3.201  0.598  2.264
ilr.fac2[3,1]  -2.028 -1.322 -0.119
ilr.fac2[3,2]  -1.451  1.341  1.310
ilr.fac2[3,3]   0.119 -1.615 -1.056
ilr.fac2[4,1]   0.109 -0.134 -0.850
ilr.fac2[4,2]  -0.295  1.181  0.500
ilr.fac2[4,3]  -0.583 -1.226  0.802
ilr.fac2[5,1]   0.180  1.831  0.257
ilr.fac2[5,2]   0.435  2.122 -1.075
ilr.fac2[5,3]  -0.779  0.306 -0.121
ilr.fac2[6,1]  -0.761  0.178 -0.322
ilr.fac2[6,2]   0.850 -0.323 -0.246
ilr.fac2[6,3]   0.361 -0.354 -0.529
ilr.fac2[7,1]  -1.722  0.169  0.628
ilr.fac2[7,2]  -0.690  0.706  2.752
ilr.fac2[7,3]   1.132 -0.698  0.173
ilr.fac2[8,1]   0.447  0.251  0.328
ilr.fac2[8,2]  -1.798  0.145  0.983
ilr.fac2[8,3]   0.583 -1.292 -0.056
ilr.fac2[9,1]   0.178  1.985 -0.424
ilr.fac2[9,2]   0.476  1.138 -1.762
ilr.fac2[9,3]   1.738 -0.899 -1.053
ilr.global[1]   3.484  2.770  0.414
ilr.global[2]   1.746  2.569  0.326
ilr.global[3]   1.011  3.007  0.429
loglik[1]       1.002 -1.299 -0.293
loglik[10]      2.468 -1.016 -0.177
loglik[11]     -1.874  0.062 -0.802
loglik[12]      0.136  0.126 -1.173
loglik[13]      0.420 -1.261  0.380
loglik[14]      0.530  0.682 -0.740
loglik[15]      2.365 -0.011 -0.394
loglik[16]      0.515  0.034 -1.692
loglik[17]      2.581 -0.614 -0.197
loglik[18]      0.008  0.233 -2.122
loglik[19]      1.332 -0.077 -2.368
loglik[2]       2.227 -0.954  0.080
loglik[20]     -0.508  0.054 -0.999
loglik[21]      1.628  1.481 -0.748
loglik[22]     -0.504 -0.115 -1.319
loglik[23]     -1.962 -0.243 -0.994
loglik[3]       3.242 -0.245 -0.021
loglik[4]       3.088  3.533 -0.386
loglik[5]       3.054  2.120 -0.495
loglik[6]       0.357  0.543 -0.892
loglik[7]       1.669  0.275 -0.443
loglik[8]       2.865  0.937 -0.690
loglik[9]      -0.395 -1.281  1.402
p.fac1[1,1]     2.759  3.025  0.461
p.fac1[1,2]    -3.716 -0.624 -0.581
p.fac1[1,3]    -3.789 -1.876 -0.412
p.fac1[1,4]    -1.141 -4.727 -0.437
p.fac1[2,1]     2.640  2.256  0.806
p.fac1[2,2]    -2.438  1.128 -1.142
p.fac1[2,3]    -1.419 -0.193 -0.588
p.fac1[2,4]     0.539 -2.494  0.114
p.global[1]     2.759  3.025  0.461
p.global[2]    -3.716 -0.624 -0.581
p.global[3]    -3.789 -1.876 -0.412
p.global[4]    -1.141 -4.727 -0.437
